0.001 0.9999999666691349 4.902140357684092e-7
0.002 0.9999997532919087 3.2735386182860106e-6
0.003 0.9999993059434317 8.628392539481988e-6
0.004 0.9999986215542427 1.637168542718441e-5
0.005 0.999997698245096 2.6391567433617988e-5
0.006 0.9999965341469 3.861002342121371e-5
0.007 0.9999951273757343 5.2968034716466665e-5
0.008 0.9999934760310423 6.941882291759342e-5
0.009000000000000001 0.9999915781951477 8.792416981817068e-5
0.01 0.9999894319333632 0.00010845218314841322
0.011 0.9999870352937559 0.00013097583755340039
0.012 0.9999843863070926 0.0001554719684180236
0.013000000000000001 0.9999814829866123 0.00018192054917036025
0.014 0.9999783233278842 0.00021030415439813403
0.015 0.9999749053086783 0.00024060755038471794
0.016 0.9999712268887319 0.00027281737602922524
0.017 0.9999672860095666 0.0003069218892772825
0.018000000000000002 0.9999630805943214 0.00034291076236381496
0.019 0.9999586085476085 0.0003807749141556311
0.02 0.9999538677552141 0.00042050637147386595
0.021 0.9999488560839908 0.00046209815266065975
0.022 0.9999435713816548 0.0005055441693125429
0.023 0.9999380114764785 0.0005508391426483666
0.024 0.9999321741772733 0.0005979785312499768
0.025 0.9999260572729907 0.0006469584690782054
0.026000000000000002 0.9999196585326452 0.0006977757110888471
0.027 0.9999129757050476 0.0007504275858765596
0.028 0.9999060065185807 0.0008049119539357276
0.029 0.9998987486810433 0.000861227170668095
0.03 0.999891199879334 0.0009193720537541957
0.031 0.9998833577793491 0.0009793458537832925
0.032 0.9998752200256401 0.001041148228281416
0.033 0.9998667842412801 0.001104779218111976
0.034 0.9998580480275512 0.0011702392264774345
0.035 0.999849008963777 0.0012375289997248024
0.036000000000000004 0.9998396646070643 0.0013066496100876247
0.037 0.9998300124920357 0.0013776024400372943
0.038 0.9998200501306116 0.0014503891679519636
0.039 0.9998097750118146 0.0015250117549995546
0.04 0.9997991846014306 0.0016014724333774624
0.041 0.9997882763417806 0.0016797736953694158
0.042 0.9997770476515132 0.0017599182832709415
0.043000000000000003 0.9997654959253292 0.0018419091802391878
0.044 0.9997536185336706 0.0019257496018963301
0.045 0.9997414128225199 0.0020114429884922824
0.046 0.9997288761130837 0.002098992997743144
0.047 0.9997160057015596 0.0021884034981570137
0.048 0.9997027988588213 0.002279678562968407
0.049 0.9996892528301873 0.002372822464375676
0.05 0.9996753648351161 0.0024678396683479827
0.051000000000000004 0.9996611320668765 0.0025647348298033956
0.052000000000000005 0.9996465516923719 0.002663512787942097
0.053 0.9996316208517211 0.0027641785622489765
0.054 0.9996163366580487 0.0028667373484532075
0.055 0.9996006961971665 0.002971194515008826
0.056 0.9995846965272192 0.0030775555998094058
0.057 0.9995683346784581 0.003185826306946
0.058 0.9995516076528633 0.003296012503939883
0.059000000000000004 0.9995345124238412 0.003408120219052739
0.06 0.999517045935949 0.0035221556387466098
0.061 0.9994992051045035 0.0036381251054774535
0.062 0.9994809868153146 0.003756035115489943
0.063 0.9994623879242992 0.0038758923169213014
0.064 0.9994434052571879 0.003997703507933888
0.065 0.9994240356091542 0.0041214756350886955
0.066 0.9994042757444727 0.004247215791754818
0.067 0.9993841223961906 0.00437493121664678
0.068 0.9993635722657631 0.004504629292584373
0.069 0.9993426220226844 0.0046363175452759
0.07 0.9993212683041105 0.004770003642272074
0.07100000000000001 0.9992995077145204 0.004905695391916845
0.07200000000000001 0.9992773368253408 0.00504340074245554
0.073 0.9992547521745236 0.00518312778128745
0.074 0.9992317502662555 0.005324884734110934
0.075 0.9992083275704139 0.005468679964490167
0.076 0.999184480522331 0.005614521973074386
0.077 0.9991602055223305 0.005762419397203024
0.078 0.9991354989352912 0.005912381010522626
0.079 0.9991103570903005 0.006064415722541085
0.08 0.9990847762801813 0.006218532578419916
0.081 0.9990587527611032 0.006374740758692717
0.082 0.9990322827521364 0.006533049579128176
0.083 0.9990053624348609 0.006693468490564191
0.084 0.9989779879528367 0.006856007078981648
0.085 0.998950155411321 0.007020675065254585
0.08600000000000001 0.9989218608766163 0.007187482305493674
0.08700000000000001 0.9988931003757989 0.007356438790873319
0.088 0.998863869896097 0.007527554648013185
0.089 0.998834165384528 0.007700840139013823
0.09 0.9988039827474138 0.007876305661712473
0.091 0.9987733178498652 0.008053961750008559
0.092 0.9987421665152656 0.008233819074221332
0.093 0.9987105245248614 0.00841588844133263
0.094 0.9986783876172202 0.008600180795442324
0.095 0.9986457514876843 0.00878670721827492
0.096 0.9986126117878773 0.0089754789296266
0.097 0.9985789641252408 0.009166507287802314
0.098 0.9985448040624085 0.009359803790303356
0.099 0.9985101271167248 0.009555380074343601
0.1 0.998474928759684 0.009753247917490993
0.101 0.998439204416419 0.0099534192382859
0.10200000000000001 0.9984029494650409 0.01015590609707717
0.10300000000000001 0.998366159236172 0.010360720696611704
0.10400000000000001 0.99832882901231 0.0105678753828798
0.105 0.998290954027272 0.010777382645870002
0.106 0.9982525294655898 0.010989255120424571
0.107 0.998213550461916 0.011203505587116407
0.108 0.9981740121003922 0.011420146973113412
0.109 0.9981339094140539 0.011639192353081139
0.11 0.9980932373842236 0.011860654950121077
0.111 0.9980519909398361 0.012084548136820085
0.112 0.9980101649568229 0.012310885436215368
0.113 0.9979677542574033 0.012539680522935479
0.114 0.9979247536095096 0.012770947224153692
0.115 0.9978811577260359 0.013004699520779364
0.116 0.9978369612642038 0.013240951548531877
0.117 0.9977921588248627 0.01347971759909464
0.11800000000000001 0.997746744951736 0.01372101212143796
0.11900000000000001 0.9977007141308091 0.013964849722910289
0.12 0.9976540607895191 0.014211245170579876
0.121 0.9976067792960562 0.014460213392497095
0.122 0.9975588639585828 0.014711769479038243
0.123 0.9975103090245587 0.014965928684180953
0.124 0.9974611086798884 0.015222706426984822
0.125 0.9974112570482135 0.015482118292917613
0.126 0.9973607481900524 0.01574418003538419
0.127 0.997309576102065 0.016008907577106744
0.128 0.9972577347161903 0.01627631701167392
0.129 0.9972052178989111 0.016546424604949882
0.13 0.9971520194502808 0.016819246796855338
0.131 0.9970981331031663 0.017094800202859216
0.132 0.9970435525223802 0.01737310161554103
0.133 0.9969882713038448 0.017654168006091462
0.134 0.9969322829736195 0.017938016526280992
0.135 0.9968755809870466 0.01822466451007674
0.136 0.9968181587278341 0.018514129475381776
0.137 0.9967600095071503 0.0188064291257607
0.138 0.9967011265626573 0.019101581352315176
0.139 0.9966415030575345 0.019399604235557248
0.14 0.9965811320795502 0.0197005160472
0.14100000000000001 0.9965200066401263 0.020004335252032875
0.14200000000000002 0.9964581196731644 0.020311080510101782
0.14300000000000002 0.9963954640342252 0.020620770678390632
0.14400000000000002 0.9963320324993885 0.02093342481302509
0.145 0.9962678177642768 0.02124906217121038
0.146 0.9962028124429351 0.021567702213400906
0.147 0.9961370090667259 0.021889364605437663
0.148 0.9960704000834251 0.02221406922040921
0.149 0.9960029778557923 0.022541836141350937
0.15 0.9959347346608061 0.0228726856629291
0.151 0.9958656626882434 0.023206638294090785
0.152 0.9957957540395841 0.023543714760292107
0.153 0.9957250007269345 0.02388393600563809
0.154 0.9956533946717205 0.02422732319545176
0.155 0.9955809277034964 0.02457389771865948
0.156 0.9955075915587244 0.02492368119019173
0.157 0.99543337787955 0.0252766954534699
0.158 0.9953582782124253 0.025632962583044983
0.159 0.9952822840068898 0.025992504887107488
0.16 0.995205386614305 0.0263553449100028
0.161 0.9951275772863858 0.026721505435099435
0.162 0.9950488471739223 0.027091009487369207
0.163 0.9949691873254466 0.02746388033607332
0.164 0.9948885886857388 0.027840141497684524
0.165 0.9948070420944584 0.02821981673864523
0.166 0.9947245382846672 0.028602930078314336
0.167 0.9946410678813998 0.028989505791808465
0.168 0.9945566214001483 0.029379568413020904
0.169 0.9944711892453123 0.029773142737699765
0.17 0.994384761708794 0.03017025382632031
0.171 0.994297328968222 0.030570927007511534
0.17200000000000001 0.9942088810855766 0.030975187880906103
0.17300000000000001 0.9941194080053808 0.03138306232064162
0.17400000000000002 0.9940288995532259 0.03179457647840078
0.17500000000000002 0.993937345433959 0.032209756786933025
0.176 0.9938447352301544 0.03262862996318698
0.177 0.9937510584001708 0.03305122301205517
0.178 0.9936563042766446 0.03347756322949738
0.179 0.9935604620645038 0.03390767820636373
0.18 0.9934635208392881 0.03434159583183189
0.181 0.9933654695452414 0.03477934429718817
0.182 0.993266296993483 0.03522095209943421
0.183 0.9931659918600849 0.03566644804512757
0.184 0.993064542684093 0.03611586125425379
0.185 0.9929619378656592 0.03656922116398978
0.186 0.9928581656640273 0.037026557532679326
0.187 0.9927532141954162 0.03748790044397789
0.188 0.9926470714310661 0.037953280310802036
0.189 0.9925397251950517 0.0384227278795928
0.19 0.9924311631622258 0.03889627423440195
0.191 0.9923213728559965 0.039373950801261076
0.192 0.992210341646102 0.03985578935257171
0.193 0.9920980567464485 0.04034182201136356
0.194 0.9919845052127625 0.04083208125599422
0.195 0.9918696739402889 0.041326599924619165
0.196 0.9917535496614275 0.0418254112198438
0.197 0.9916361189433227 0.04232854871345151
0.198 0.991517368185495 0.04283604635109444
0.199 0.9913972836172147 0.043347938457374266
0.2 0.9912758512951699 0.04386425974052144
0.201 0.9911530571006826 0.04438504529774209
0.202 0.9910288867372627 0.044910330620071534
0.203 0.9909033257278629 0.04544015159772756
0.20400000000000001 0.9907763594121975 0.04597454452531613
0.20500000000000002 0.9906479729440564 0.04651354610714379
0.20600000000000002 0.9905181512883263 0.04705719346293996
0.20700000000000002 0.9903868792183208 0.04760552413312473
0.20800000000000002 0.9902541413128348 0.04815857608450768
0.209 0.9901199219531327 0.048716387716145136
0.21 0.9899842053200315 0.04927899786502408
0.211 0.9898469753908167 0.049846445812035005
0.212 0.989708215936056 0.05041877128814419
0.213 0.9895679105165608 0.050996014480305565
0.214 0.9894260424800411 0.051578216037857096
0.215 0.9892825949579629 0.052165417078689935
0.216 0.9891375508621019 0.05275765919581047
0.217 0.9889908928812882 0.053354984463736675
0.218 0.9888426034776645 0.05395743544556491
0.219 0.9886926648835037 0.05456505519921723
0.22 0.988541059097417 0.05517788728465242
0.221 0.9883877678807886 0.05579597577074224
0.222 0.9882327727540032 0.056419365242465394
0.223 0.988076054992765 0.05704810080804243
0.224 0.9879175956241054 0.05768222810647152
0.225 0.9877573754226043 0.05832179331486163
0.226 0.9875953749062774 0.05896684315616104
0.227 0.9874315743326528 0.059617424906773846
0.228 0.9872659536944772 0.060273586404643656
0.229 0.987098492715609 0.06093537605710832
0.23 0.9869291708466617 0.06160284284916826
0.231 0.9867579672606702 0.06227603635170511
0.232 0.986584860848602 0.06295500673002885
0.233 0.9864098302148588 0.06363980475238079
0.234 0.9862328536726351 0.06433048179872129
0.23500000000000001 0.9860539092391701 0.0650270898696854
0.23600000000000002 0.9858729746310052 0.06572968159552434
0.23700000000000002 0.9856900272590744 0.0664383102454348
0.23800000000000002 0.9855050442236841 0.06715302973694343
0.23900000000000002 0.9853180023095526 0.06787389464524811
0.24 0.9851288779805332 0.06860096021312091
0.241 0.9849376473743635 0.06933428236075706
0.242 0.9847442862973383 0.07007391769578585
0.243 0.9845487702187988 0.07081992352355782
0.244 0.984351074265591 0.07157235785751272
0.245 0.9841511732162813 0.07233127942998253
0.246 0.9839490414954952 0.07309674770276645
0.247 0.983744653167925 0.07386882287827039
0.248 0.9835379819323266 0.07464756591065863
0.249 0.9833290011154499 0.07543303851717059
0.25 0.9831176836656614 0.07622530318989283
0.251 0.9829040021466454 0.07702442320748042
0.252 0.9826879287308655 0.07783046264728048
0.253 0.9824694351929847 0.0786434863974436
0.254 0.982248492903043 0.07946356016951525
0.255 0.9820250728195719 0.08029075051114144
0.256 0.9817991454826699 0.08112512481885534
0.257 0.981570681006628 0.08196675135156126
0.258 0.981339649072813 0.08281569924370384
0.259 0.9811060189220615 0.08367203851907964
0.26 0.9808697593472074 0.0845358401046719
0.261 0.980630838685121 0.0854071758451809
0.262 0.9803892248090212 0.08628611851694533
0.263 0.980144885120264 0.08717274184309476
0.264 0.979897786540112 0.08806712050844805
0.265 0.9796478955013823 0.08896933017471467
0.266 0.9793951779398195 0.08987944749621889
0.267 0.9791395992853765 0.09079755013565285
0.268 0.9788811244532227 0.0917237167804406
0.269 0.9786197178347594 0.09265802715894791
0.27 0.9783553432881268 0.09360056205768912
0.271 0.9780879641288963 0.09455140333807922
0.272 0.9778175431203061 0.09551063395406716
0.273 0.9775440424633298 0.09647833796999611
0.274 0.977267423786647 0.0974546005786199
0.275 0.9769876481363099 0.09843950811972174
0.276 0.9767046759651535 0.09943314809908115
0.277 0.9764184671222009 0.10043560920731583
0.278 0.9761289808416737 0.10144698133961055
0.279 0.9758361757316837 0.10246735561586277
0.28 0.9755400097629124 0.10349682440092577
0.281 0.9752404402569201 0.10453548132541313
0.28200000000000003 0.97493742387409 0.10558342130706141
0.28300000000000003 0.974630916601653 0.10664074057198297
0.28400000000000003 0.9743208737411576 0.10770753667707071
0.28500000000000003 0.9740072498956408 0.10878390853248532
0.28600000000000003 0.9736899989569041 0.10986995642420223
0.28700000000000003 0.9733690740920948 0.11096578203761681
0.28800000000000003 0.9730444277302204 0.11207148848145816
0.289 0.9727160115483549 0.11318718031190386
0.29 0.9723837764573735 0.11431296355770346
0.291 0.9720476725876996 0.11544894574523543
0.292 0.9717076492743912 0.11659523592452384
0.293 0.971363655042192 0.11775194469540584
0.294 0.9710156375899198 0.11891918423493016
0.295 0.9706635437750091 0.12009706832413033
0.296 0.9703073195971618 0.12128571237651352
0.297 0.9699469101820732 0.12248523346644084
0.298 0.9695822597644908 0.12369575035840781
0.299 0.9692133116711262 0.12491738353666153
0.3 0.9688400083029619 0.12615025523591905
0.301 0.9684622911174671 0.12739448947199605
0.302 0.968080100610027 0.12865021207383895
0.303 0.9676933762953218 0.12991755071553737
0.304 0.9673020566880437 0.13119663494955622
0.305 0.9669060792832869 0.13248759624027792
0.306 0.9665053805364289 0.13379056799857164
0.307 0.9660998958425958 0.135105685616832
0.308 0.9656895595157184 0.1364330865047907
0.309 0.9652743047669816 0.13777291012620696
0.31 0.964854063682753 0.1391252980364768
0.311 0.9644287672023548 0.14049039392033813
0.312 0.9639983450947471 0.14186834363136366
0.313 0.9635627259352217 0.14325929523151595
0.314 0.9631218370811828 0.14466339903200323
0.315 0.9626756046475593 0.14608080763477702
0.316 0.9622239534815346 0.14751167597501078
0.317 0.9617668071367791 0.14895616136452955
0.318 0.9613040878470768 0.15041442353594606
0.319 0.9608357164991729 0.1518866246882107
0.32 0.960361612605138 0.15337292953274334
0.321 0.9598816942741154 0.1548735053405888
0.322 0.9593958781832137 0.15638852199083497
0.323 0.9589040795479038 0.1579181520198034
0.324 0.9584062120915862 0.15946257067162287
0.325 0.9579021880143693 0.16102195594973265
0.326 0.95739191796141 0.1625964886693975
0.327 0.9568753109900847 0.16418635251157213
0.328 0.9563522745366576 0.16579173407798237
0.329 0.9558227143820455 0.16741282294718182
0.33 0.9552865346167057 0.16904981173207362
0.331 0.9547436376047836 0.17070289613864154
0.332 0.954193923947265 0.1723722750259081
0.333 0.953637292444404 0.17405815046720605
0.334 0.9530736400569711 0.175760727813126
0.335 0.9525028618667836 0.17748021575535614
0.336 0.951924851036127 0.17921682639245723
0.337 0.9513394987662014 0.1809707752968621
0.338 0.9507466942546059 0.1827422815831418
0.339 0.9501463246516915 0.18453156797837345
0.34 0.9495382750158122 0.186338860893654
0.341 0.9489224282677454 0.18816439049667583
0.342 0.9482986651435549 0.19000839078699863
0.343 0.9476668641464604 0.19187109967280128
0.34400000000000003 0.9470269014974413 0.19375275904902187
0.34500000000000003 0.9463786510847275 0.19565361487741637
0.34600000000000003 0.945721984411899 0.19757391726810508
0.34700000000000003 0.9450567705448111 0.19951392056333117
0.34800000000000003 0.9443828760568213 0.2014738834233369
0.34900000000000003 0.9437001649730917 0.20345406891344167
0.35000000000000003 0.943008498713165 0.20545474459379565
0.35100000000000003 0.9423077360319816 0.20747618261088624
0.352 0.9415977329599771 0.20951865979048873
0.353 0.9408783427410762 0.21158245773329085
0.354 0.9401494157690093 0.2136678629135751
0.355 0.9394107995224878 0.21577516677857134
0.356 0.9386623384983107 0.2179046658508616
0.357 0.9379038741428966 0.22005666183290512
0.358 0.9371352447820313 0.22223146171411665
0.359 0.9363562855488848 0.22442937787951395
0.36 0.9355668283098588 0.22665072822226498
0.361 0.9347667015887828 0.2288958362576097
0.362 0.9339557304889984 0.23116503123973467
0.363 0.9331337366135364 0.23345864828078647
0.364 0.9323005379831583 0.23577702847319087
0.365 0.9314559489516461 0.23812051901559683
0.366 0.9305997801198803 0.24048947333937756
0.367 0.9297318382472115 0.24288425123903057
0.368 0.9288519261602179 0.24530521900544952
0.369 0.9279598426595742 0.24775274956242274
0.37 0.9270553824237988 0.25022722260558466
0.371 0.9261383359113335 0.25272902474456455
0.372 0.9252084892590362 0.2552585496486781
0.373 0.9242656241786378 0.2578161981952038
0.374 0.9233095178502251 0.26040237862118026
0.375 0.9223399428128598 0.2630175066783123
0.376 0.9213566668525482 0.26566200579090904
0.377 0.9203594528868245 0.26833630721769935
0.378 0.9193480588467222 0.27104085021623114
0.379 0.9183222375549323 0.2737760822117475
0.38 0.9172817366014296 0.2765424589687059
0.381 0.9162262982153749 0.2793404447661539
0.382 0.9151556591335845 0.282170512576595
0.383 0.9140695504657191 0.285033144248297
0.384 0.9129676975557047 0.2879288306912226
0.385 0.9118498198390628 0.29085807206765196
0.386 0.9107156306971155 0.29382137798491226
0.387 0.9095648373069929 0.29681926769241596
0.388 0.9083971404878314 0.2998522702821397
0.389 0.9072122345426821 0.302920924892987
0.39 0.9060098070959945 0.30602578091942095
0.391 0.9047895389273319 0.30916739822255856
0.392 0.9035511038003614 0.31234634734564376
0.393 0.9022941682869092 0.31556320973373125
0.394 0.901018391587248 0.3188185779555611
0.395 0.8997234253449539 0.3221130559301355
0.396 0.8984089134572727 0.3254472591560786
0.397 0.8970744918803443 0.3288218149445943
0.398 0.8957197884291153 0.33223736265641385
0.399 0.8943444225726493 0.3356945539408593
0.4 0.8929480052236568 0.3391940529785314
0.401 0.8915301385227101 0.34273653672676113
0.402 0.8900904156166851 0.3463226951686205
0.403 0.8886284204319497 0.34995323156352404
0.404 0.8871437274419409 0.3536288627003617
0.405 0.885635901428397 0.35735031915305837
0.406 0.8841044972362538 0.3611183455387854
0.40700000000000003 0.8825490595236876 0.36493370077604276
0.40800000000000003 0.880969122504972 0.36879715834556376
0.40900000000000003 0.8793642096867049 0.37270950655232005
0.41000000000000003 0.8777338335993581 0.3766715487855453
0.41100000000000003 0.8760774955209005 0.3806841037817765
0.41200000000000003 0.8743946851938267 0.3847480058865992
0.41300000000000003 0.8726848805365511 0.38886410531459964
0.41400000000000003 0.8709475473478343 0.39303326840821107
0.41500000000000004 0.8691821390037601 0.39725637789504126
0.41600000000000004 0.8673880961483537 0.4015343331419235
0.417 0.8655648463776643 0.4058680504053208
0.418 0.8637118039171561 0.4102584630764222
0.419 0.8618283692922877 0.4147065219215451
0.42 0.859913928991396 0.41921319531652773
0.421 0.8579678551226592 0.4237794694730869
0.422 0.8559895050645047 0.4284063486561573
0.423 0.8539782211094218 0.43309485539113196
0.424 0.8519333301008435 0.43784603066000327
0.425 0.8498541430639732 0.4426609340851897
0.426 0.847739954829809 0.4475406440977261
0.427 0.8455900436537291 0.4524862580907087
0.428 0.8434036708291405 0.4574988925517532
0.429 0.8411800802949037 0.4625796831767419
0.43 0.8389184982384604 0.46772978495936374
0.431 0.836618132692217 0.4729503722591092
0.432 0.8342781731288068 0.47824263883664125
0.433 0.8318977900514829 0.48360779786051034
0.434 0.8294761345800838 0.4890470818829443
0.435 0.8270123380360455 0.4945617427749044
0.436 0.824505511525759 0.5001530516218802
0.437 0.8219547455231189 0.5058222985753462
0.438 0.8193591094517821 0.5115707926559131
0.439 0.8167176512690388 0.5173998615024243
0.44 0.8140293970523068 0.5233108510648153
0.441 0.8112933505894528 0.5293051252330528
0.442 0.8085084929728458 0.5353840653994908
0.443 0.8056737822024922 0.5415490699448938
0.444 0.8027881527964392 0.5478015536449935
0.445 0.7998505154117997 0.5541429469917463
0.446 0.7968597564785511 0.5605746954179907
0.447 0.7938147378473472 0.5670982584226515
0.448 0.7907142964561874 0.5737151085856704
0.449 0.7875572440167464 0.5804267304624521
0.45 0.7843423667233844 0.5872346193547109
0.451 0.7810684249914782 0.594140279936869
0.452 0.7777341532245665 0.6011452247392977
0.453 0.7743382596146535 0.6082509724741313
0.454 0.7708794259841032 0.6154590461855046
0.455 0.7673563076701335 0.6227709712170738
0.456 0.7637675334556431 0.630188272987561
0.457 0.760111705555413 0.6377124745534076
0.458 0.7563873996659476 0.6453450939427504
0.459 0.752593165079208 0.6530876412510165
0.46 0.7487275248704219 0.6609416154813388
0.461 0.7447889761675859 0.668908501110611
0.462 0.7407759905112468 0.6769897643596468
0.463 0.7366870143119056 0.6851868491575435
0.464 0.7325204694186648 0.6935011727709517
0.465 0.7282747538043912 0.7019341210867561
0.466 0.7239482423810197 0.7104870435186506
0.467 0.7195392879572756 0.7191612475216578
0.468 0.7150462223512001 0.7279579926889288
0.46900000000000003 0.7104673576680236 0.7368784844120857
0.47000000000000003 0.7058009877649121 0.7459238670714374
0.47100000000000003 0.7010453899105336 0.7550952167430951
0.47200000000000003 0.6961988266618097 0.7643935333916761
0.47300000000000003 0.6912595479725901 0.7738197325255074
0.47400000000000003 0.6862257935547205 0.7833746362861975
0.47500000000000003 0.6810957955098189 0.79305896394881
0.47600000000000003 0.6758677812515772 0.8028733218129392
0.47700000000000004 0.670539976747951 0.8128181924562096
0.47800000000000004 0.6651106100938318 0.8228939233292322
0.47900000000000004 0.6595779154518924 0.8331007146661475
0.48 0.6539401373811992 0.8434386066920241
0.481 0.6481955355762073 0.8539074661175573
0.482 0.6423423900556557 0.8645069718876182
0.483 0.6363790068175573 0.8752366001871105
0.484 0.6303037240017366 0.8860956086878414
0.485 0.624114918574758 0.8970830200378243
0.486 0.6178110135929721 0.9081976045857161
0.487 0.6113904860498283 0.9194378623483574
0.488 0.6048518753557443 0.9308020042452451
0.489 0.5981937924814118 0.9422879326002017
0.49 0.5914149297867758 0.9538932209643012
0.491 0.584514071581051 0.9656150932837425
0.492 0.577490105432477 0.9774504024620401
0.493 0.5703420342549894 0.9893956084006713
0.494 0.5630689892190313 1.0014467555565223
0.495 0.5556702434859073 1.0135994501417442
0.496 0.548145226537328 1.0258488373779215
0.497 0.5404935394395629 1.0381895785088688
0.498 0.5327149727569699 1.0506158256703426
0.499 0.5248095216309818 1.0631212014552491
0.5 0.5167774058436929 1.075698773903083
0.501 0.508619087854079 1.088341035571457
0.502 0.5003352924484685 1.1010398823212268
0.503 0.49192702774222297 1.1137865926958772
0.504 0.4833956063482608 1.1265718092188688
0.505 0.47474266752582117 1.1393855209950536
0.506 0.46597020004244627 1.1522170481813359
0.507 0.45708056390225504 1.1650550304116118
0.508 0.44807651763789547 1.1778874123334313
0.509 0.4389612396074403 1.190701439141558
0.51 0.4297383523846069 1.2034836524071348
0.511 0.420411946731504 1.216219889745167
0.512 0.4109866052894338 1.228895288703381
0.513 0.40146742583072875 1.2414942963338456
0.514 0.3918600427135792 1.25400068332752
0.515 0.3821706477892363 1.2663975640031628
0.516 0.37240600925691764 1.2786674221250194
0.517 0.36257348869367334 1.2907921434457093
0.518 0.3526810552004469 1.3027530549597237
0.519 0.34273729663626346 1.3145309714911215
0.52 0.33275142712641165 1.326106249297093
0.521 0.3227332898334034 1.337458848162669
0.522 0.31269335501414036 1.3485684006229623
0.523 0.3026427121556632 1.3594142890094987
0.524 0.29259305578365663 1.3699757306793794
0.525 0.2825566638400622 1.3802318706416588
0.526 0.2725463682336787 1.3901618817380585
0.527 0.26257551649329947 1.399745071595943
0.528 0.25265792415261445 1.408960996188479
0.529 0.24280781705043036 1.4177895789489416
0.53 0.2330397632928599 1.426211234951439
0.531 0.22336859438284834 1.4342069989023207
0.532 0.213809315662011 1.4417586560463806
0.533 0.204377006074547 1.4488488745339765
0.534 0.1950867080481316 1.4554613381172083
0.535 0.18595330817795197 1.461580877499213
0.536 0.1769914101872564 1.4671935988136713
0.537 0.16821520192716288 1.4722870076451944
0.538 0.1596383186650675 1.476850126919883
0.539 0.15127370529200163 1.4808736069218107
0.54 0.14313348052616548 1.484349825902177
0.541 0.1352288063672366 1.4872729794744914
0.542 0.1275697663139353 1.4896391574327676
0.543 0.12016525581987197 1.4914464065685005
0.544 0.11302288829434753 1.4926947782418314
0.545 0.10614891961512518 1.4933863596649413
0.546 0.09954819359401162 1.4935252880768581
0.547 0.09322411015486709 1.4931177472301602
0.548 0.08717861718624026 1.4921719458711384
0.549 0.08141222616521043 1.4906980781735704
0.55 0.07592405077381786 1.4887082663675493
0.551 0.07071186690224907 1.4862164860899536
0.552 0.06577219171163096 1.4832384752592882
0.553 0.061100378853551074 1.479791627541605
0.554 0.056690726546459735 1.47589487171701
0.555 0.05253659500131519 1.4715685384742427
0.556 0.04863052966705622 1.466834216345723
0.557 0.044964386911283294 1.461714598646779
0.558 0.04152945903575933 1.4562333233933586
0.559 0.038316595912013585 1.4504148082440194
0.56 0.03531632097295673 1.444284082540789
0.561 0.03251893977627718 1.437866618512008
0.562 0.02991463983164755 1.4311881636487267
0.5630000000000001 0.02749358083395842 1.4242745761794091
0.5640000000000001 0.025245974847358743 1.417151665445485
0.5650000000000001 0.023162156332354134 1.409845038831388
0.5660000000000001 0.02123264219301152 1.402379956729731
0.5670000000000001 0.01944818224463013 1.394781196829391
0.5680000000000001 0.017799800667223364 1.3870729288118724
0.5690000000000001 0.016278829123076044 1.3792786003231332
0.5700000000000001 0.014876932284237365 1.3714208348662553
0.5710000000000001 0.013586126548353783 1.3635213421010453
0.5720000000000001 0.01239879272024047 1.3556008407364024
0.5730000000000001 0.01130768341872368 1.3476789940900111
0.5740000000000001 0.010305925930371329 1.3397743581735486
0.5750000000000001 0.00938702118468171 1.3319043420050445
0.5760000000000001 0.008544839471100907 1.3240851797050832
0.577 0.007773613461496465 1.3163319138089837
0.578 0.007067929043308274 1.3086583891237178
0.579 0.006422714412975539 1.3010772563741502
0.58 0.00583322782413348 1.2935999848203665
0.581 0.005295044335156651 1.2862368829836532
0.582 0.004804041853655794 1.2789971265935665
0.583 0.004356386732772943 1.2718887928591958
0.584 0.00394851913543387 1.2649189001722387
0.585 0.003577138348527298 1.2580934523710243
0.586 0.0032391881980899373 1.2514174867227486
0.587 0.002931842689346098 1.244895124818966
0.588 0.002652491972120752 1.2385296256295577
0.589 0.0023987287111148503 1.232323440016581
0.59 0.0021683349227342164 1.2262782660563463
0.591 0.0019592693245967796 1.2203951045829549
0.592 0.0017696552308315572 1.2146743144331646
0.593 0.0015977690150256185 1.2091156669199978
0.594 0.0014420291530367613 1.2037183991139584
0.595 0.001300985849474079 1.1984812656484698
0.596 0.0011733112464917261 1.1934025886792146
0.597 0.001057790206665632 1.1884803058030002
0.598 0.0009533116579609757 1.1837120157374246
0.599 0.0008588604855543913 1.1790950216173304
0.6 0.0007735099520363442 1.1746263718060836
0.601 0.0006964146258160442 1.170302898157018
0.602 0.0006268037962679496 1.166121251694123
0.603 0.0005639753527298397 1.1620779357103348
0.604 0.0005072901042509348 1.1581693363086227
0.605 0.00045616651656643636 1.1543917504320913
0.606 0.00041007584297259037 1.150741411448927
0.607 0.0003685376258014683 1.1472145123759898
0.608 0.0003311155466111382 1.1438072268217405
0.609 0.0002974136016644091 1.1405157277736848
0.61 0.00026707258274466517 1.137336204325927
0.611 0.00023976684233595336 1.1342648764648722
0.612 0.00021520132364938327 1.131298008035174
0.613 0.00019310883694245717 1.1284319180049736
0.614 0.0001732475644068976 1.1256629901521433
0.615 0.00015539877699632942 1.1229876812915953
0.616 0.0001393647474168258 1.1204025281565972
0.617 0.00012496684457230511 1.1179041530532665
0.618 0.00011204379539159204 1.1154892683961768
0.619 0.0001004501013249226 1.1131546802256946
0.62 9.005459685346162e-5 1.1108972908161923
0.621 8.073913879175221e-5 1.108714100464755
0.622 7.239741528869414e-5 1.1066022085396403
0.623 6.49338640790198e-5 1.104558813902329
0.624 5.826268976183435e-5 1.1025812147314358
0.625 5.230696913466337e-5 1.1006668079158506
0.626 4.69978356733014e-5 1.098813087903551
0.627 4.227372948029107e-5 1.097017645282262
0.628 3.807970182601039e-5 1.0952781650333039
0.629 3.436676029927588e-5 1.0935924244886008
0.63 3.109123947564463e-5 1.091958291093677
0.631 2.821418148279964e-5 1.09037372000453
0.632 2.5700713412069032e-5 1.0888367515371178
0.633 2.3519412173877985e-5 1.0873455085198838
0.634 2.1641658024706967e-5 1.08589819357444
0.635 2.0040994341830043e-5 1.0844930863492508
0.636 1.8692528772401573e-5 1.083128540735649
0.637 1.757242861777364e-5 1.0818029820524708
0.638 1.6657571755507306e-5 1.0805149042496138
0.639 1.592539296640938e-5 1.0792628672259061
0.64 1.5353941524076653e-5 1.0780454940565698
0.641 1.4922109967285824e-5 1.0768614683441406
0.642 1.4609964923029128e-5 1.0757095316375282
0.643 1.439908783590349e-5 1.0745884808944013
0.644 1.4272850690222327e-5 1.0734971660186976
0.645 1.4216578695380733e-5 1.072434487482515
0.646 1.4217589721698953e-5 1.0713993940119355
0.647 1.426512462404661e-5 1.070390880391399
0.648 1.435019900386525e-5 1.0694079852845637
0.649 1.4465406967201222e-5 1.0684497892535922
0.65 1.4604711129351244e-5 1.067515412692557
0.651 1.4763230178571618e-5 1.0666040140039768
0.652 1.4937043529394955e-5 1.0657147878187891
0.653 1.5123018064666649e-5 1.064846963191788
0.654 1.531866038834151e-5 1.0639998020257377
0.655 1.5521986788669118e-5 1.0631725974539523
0.656 1.573142850380682e-5 1.0623646723923985
0.657 1.5945741719203266e-5 1.0615753781447113
0.658 1.6163938202695682e-5 1.0608040930023364
0.659 1.6385233700455526e-5 1.060050220895921
0.66 1.6609003953615975e-5 1.0593131902071307
0.661 1.6834750170169333e-5 1.0585924526801356
0.662 1.706207276991334e-5 1.0578874822825235
0.663 1.729064875372055e-5 1.0571977741526688
0.664 1.7520215827349084e-5 1.0565228436085101
0.665 1.7750558784446202e-5 1.0558622252470755
0.666 1.7981497822006087e-5 1.055215471967109
0.667 1.821288484959993e-5 1.054582154193609
0.668 1.8444593166744294e-5 1.0539618589152577
0.669 1.8676513516502347e-5 1.0533541892354945
0.67 1.8908551825569386e-5 1.0527587633065376
0.671 1.9140620994784197e-5 1.0521752138511151
0.672 1.9372644116666393e-5 1.0516031874487368
0.673 1.9604551499408096e-5 1.0510423439552343
0.674 1.9836278431661913e-5 1.0504923558351469
0.675 2.0067763074671507e-5 1.049952907702022
0.676 2.029894762506368e-5 1.0494236958110472
0.677 2.0529777172872965e-5 1.048904427298625
0.678 2.0760197667446523e-5 1.0483948200107625
0.679 2.099015637158086e-5 1.0478946019569197
0.68 2.121960352935437e-5 1.0474035107660673
0.681 2.1448486223596408e-5 1.046921293399153
0.682 2.1676759889288633e-5 1.0464477057518096
0.683 2.1904375719417057e-5 1.045982512209266
0.684 2.2131286014415164e-5 1.0455254854093983
0.685 2.235744390882699e-5 1.0450764057678599
0.686 2.258280126099521e-5 1.0446350613199566
0.687 2.2807315439576925e-5 1.0442012472578392
0.6880000000000001 2.303094149236351e-5 1.0437747657356344
0.6890000000000001 2.325363151789439e-5 1.0433554255112252
0.6900000000000001 2.347534192548295e-5 1.0429430417663446
0.6910000000000001 2.3696030173603333e-5 1.0425374358408503
0.6920000000000001 2.391565265130735e-5 1.0421384349253018
0.6930000000000001 2.4134166825173775e-5 1.0417458718624792
0.6940000000000001 2.435152886925973e-5 1.0413595850830022
0.6950000000000001 2.4567696623234436e-5 1.0409794182107714
0.6960000000000001 2.478262553035071e-5 1.0406052200661355
0.6970000000000001 2.499627566271423e-5 1.040236843998905
0.6980000000000001 2.5208605713311627e-5 1.0398741478456959
0.6990000000000001 2.5419574429974556e-5 1.03951699418838
0.7000000000000001 2.5629142476557565e-5 1.0391652499116801
0.7010000000000001 2.5837270471396057e-5 1.038818786073527
0.7020000000000001 2.604391809135631e-5 1.0384774777228238
0.7030000000000001 2.6249043869941424e-5 1.0381412037635953
0.704 2.6452611845806384e-5 1.0378098467557375
0.705 2.6654584689977945e-5 1.0374832930290039
0.706 2.685492562654046e-5 1.0371614322870242
0.707 2.7053601529380966e-5 1.0368441575235505
0.708 2.7250572191772626e-5 1.0365313649558134
0.709 2.7445802104175687e-5 1.0362229536861922
0.71 2.763925733539896e-5 1.0359188261181091
0.711 2.7830900628356137e-5 1.035618887379957
0.712 2.8020700550246413e-5 1.0353230454516253
0.713 2.8208625775960616e-5 1.0350312109483397
0.714 2.839464329512653e-5 1.0347432971203339
0.715 2.857871885297847e-5 1.0344592196823896
0.716 2.8760820826034816e-5 1.0341788967597247
0.717 2.8940920732911657e-5 1.0339022488337255
0.718 2.9118986136833502e-5 1.0336291985528565
0.719 2.92949877408466e-5 1.033359670893774
0.72 2.9468898310958114e-5 1.0330935928191012
0.721 2.9640689320875602e-5 1.0328308933753911
0.722 2.981033319016113e-5 1.0325715035650678
0.723 2.9977804723912982e-5 1.0323153563995835
0.724 3.0143077168420795e-5 1.032062386719137
0.725 3.030612298476898e-5 1.0318125309458501
0.726 3.0466919414773308e-5 1.031565727306376
0.727 3.06254396568173e-5 1.0313219157230207
0.728 3.078166104292235e-5 1.031081037686944
0.729 3.093556426125854e-5 1.0308430362960235
0.73 3.108712532923219e-5 1.0306078561574747
0.731 3.12363206539934e-5 1.0303754433126435
0.732 3.1383131557261024e-5 1.030145745278439
0.733 3.152753855456547e-5 1.0299187109167354
0.734 3.166952266681067e-5 1.0296942904200341
0.735 3.180906367933334e-5 1.0294724351514482
0.736 3.194614429913312e-5 1.0292530977490255
0.737 3.2080747407514654e-5 1.0290362320587043
0.738 3.2212855845037414e-5 1.028821793132887
0.739 3.234245520206125e-5 1.0286097371611083
0.74 3.246952424873495e-5 1.0284000214329538
0.741 3.2594050418277565e-5 1.0281926043379352
0.742 3.2716023084133905e-5 1.0279874453309847
0.743 3.283542750776025e-5 1.0277845048555914
0.744 3.295225087340814e-5 1.0275837442784816
0.745 3.306648150830371e-5 1.027385125899549
0.746 3.3178108523823635e-5 1.027188612935488
0.747 3.328711739913892e-5 1.0269941694715965
0.748 3.339349967618199e-5 1.0268017604774475
0.749 3.349724667572884e-5 1.0266113517097848
0.75 3.3598353341324216e-5 1.0264229097971966
0.751 3.369680689713217e-5 1.0262364020613286
0.752 3.379259993596673e-5 1.0260517967753195
0.753 3.3885727184490566e-5 1.025869062988652
0.754 3.3976182197692495e-5 1.0256881703217764
0.755 3.406395896965453e-5 1.0255090891055572
0.756 3.414904764875715e-5 1.0253317903452641
0.757 3.423144962472202e-5 1.0251562457166992
0.758 3.4311159727185014e-5 1.0249824275463182
0.759 3.438817563106156e-5 1.024810308774198
0.76 3.446249139765767e-5 1.0246398629635658
0.761 3.453410633119658e-5 1.0244710642610868
0.762 3.460302015684258e-5 1.0243038873858166
0.763 3.466923261852273e-5 1.0241383076246149
0.764 3.473274311566188e-5 1.0239743008237838
0.765 3.479355248992011e-5 1.0238118433582677
0.766 3.485165765537701e-5 1.023650912118809
0.767 3.490705982400755e-5 1.0234914844726157
0.768 3.4959761056108096e-5 1.0233335382967685
0.769 3.500976411863199e-5 1.0231770519276282
0.77 3.505707032103178e-5 1.0230220041684852
0.771 3.510168510323375e-5 1.0228683742723197
0.772 3.514360997369792e-5 1.0227161419290933
0.773 3.5182851731319076e-5 1.0225652872630226
0.774 3.521941540884921e-5 1.022415790801351
0.775 3.525330392950554e-5 1.0222676334715528
0.776 3.5284527765966356e-5 1.0221207966107495
0.777 3.531308986859383e-5 1.0219752619210767
0.778 3.5338997461387134e-5 1.021831011477942
0.779 3.536225391043146e-5 1.0216880277536804
0.78 3.5382867556610353e-5 1.0215462935344852
0.781 3.540084590408776e-5 1.0214057919649249
0.782 3.541619777541749e-5 1.0212665065244788
0.783 3.5428926118130644e-5 1.0211284210273281
0.784 3.5439039524021165e-5 1.0209915195887134
0.785 3.5446548766082664e-5 1.0208557866493317
0.786 3.545146825989498e-5 1.0207212069463696
0.787 3.545380656272412e-5 1.0205877655208921
0.788 3.5453574757593476e-5 1.0204554476817276
0.789 3.5450782394419456e-5 1.0203242390424936
0.79 3.544543836941916e-5 1.0201941254758196
0.791 3.543755558288453e-5 1.0200650931313966
0.792 3.542714535670344e-5 1.019937128389852
0.793 3.5414221491503195e-5 1.019810217936146
0.794 3.5398798148011945e-5 1.0196843486360443
0.795 3.538088791349425e-5 1.019559507615169
0.796 3.536049867719493e-5 1.0194356821863728
0.797 3.533764290741814e-5 1.01931285993061
0.798 3.531233558801139e-5 1.0191910289249797
0.799 3.528459197105205e-5 1.0190701772157718
0.8 3.525442798041345e-5 1.0189502930665555
0.801 3.5221853667832814e-5 1.0188313649469642
0.802 3.518688529857705e-5 1.0187133815343017
0.803 3.514953829791834e-5 1.0185963317069304
0.804 3.510983264815026e-5 1.0184802045411603
0.805 3.506778013245837e-5 1.018364989309712
0.806 3.502339890631978e-5 1.0182506754735439
0.807 3.49767006362911e-5 1.0181372526715178
0.808 3.4927702812659334e-5 1.0180247107269915
0.809 3.487641795085761e-5 1.0179130396417229
0.81 3.482286073008822e-5 1.017802229583801
0.811 3.476705055310836e-5 1.0176922708905045
0.812 3.470900106150587e-5 1.0175831540613178
0.8130000000000001 3.4648728516051275e-5 1.017474869757653
0.8140000000000001 3.4586242820933144e-5 1.0173674088030025
0.8150000000000001 3.452156436051235e-5 1.0172607621685152
0.8160000000000001 3.4454715789111745e-5 1.017154920966503
0.8170000000000001 3.43857108085488e-5 1.0170498764648912
0.8180000000000001 3.431456739605432e-5 1.016945620073782
0.8190000000000001 3.4241301795912005e-5 1.0168421433466057
0.8200000000000001 3.4165931889595935e-5 1.016739437969344
0.8210000000000001 3.408847539176918e-5 1.0166374957704833
0.8220000000000001 3.4008951069142146e-5 1.0165363086999237
0.8230000000000001 3.3927373915887404e-5 1.0164358688397603
0.8240000000000001 3.384376355192176e-5 1.0163361683941083
0.8250000000000001 3.37581408361709e-5 1.0162371996906192
0.8260000000000001 3.3670524516860034e-5 1.0161389551775564
0.8270000000000001 3.3580932449039924e-5 1.0160414274224834
0.8280000000000001 3.3489381672913154e-5 1.0159446091067807
0.8290000000000001 3.339588895978629e-5 1.0158484930249438
0.8300000000000001 3.330047201066666e-5 1.015753072084687
0.8310000000000001 3.3203151255545293e-5 1.0156583392975986
0.8320000000000001 3.310394672584316e-5 1.0155642877825082
0.833 3.300287600244145e-5 1.0154709107642668
0.834 3.2899957510046374e-5 1.0153782015692554
0.835 3.2795211914571354e-5 1.0152861536184519
0.836 3.2688655830948044e-5 1.0151947604341316
0.837 3.258030784564214e-5 1.0151040156330162
0.838 3.247018718938177e-5 1.0150139129254934
0.839 3.235831247322407e-5 1.0149244461123879
0.84 3.2244702475203724e-5 1.0148356090843544
0.841 3.212937553548345e-5 1.01474739582066
0.842 3.201235024991034e-5 1.0146598003866487
0.843 3.189364513050963e-5 1.0145728169317703
0.844 3.1773278582447606e-5 1.0144864396888122
0.845 3.165126982251909e-5 1.0144006629702655
0.846 3.152763653352375e-5 1.0143154811683197
0.847 3.1402397322521924e-5 1.0142308887537248
0.848 3.12755715624613e-5 1.0141468802730909
0.849 3.1147178203461134e-5 1.0140634503483368
0.85 3.101723498522002e-5 1.0139805936758028
0.851 3.088575927651105e-5 1.0138983050230888
0.852 3.075277103997687e-5 1.013816579228785
0.853 3.0618289351858063e-5 1.013735411199968
0.854 3.0482331830172793e-5 1.0136547959119204
0.855 3.0344912238522426e-5 1.0135747284076413
0.856 3.0206052314019072e-5 1.0134952037922629
0.857 3.0065773251986005e-5 1.0134162172348569
0.858 2.9924091221156246e-5 1.013337763969015
0.859 2.978102300726926e-5 1.0132598392957264
0.86 2.9636587292047878e-5 1.0131824385744304
0.861 2.9490801321585547e-5 1.0131055572244683
0.862 2.9343683413396437e-5 1.013029190722908
0.863 2.919525245204113e-5 1.0129533346036748
0.864 2.9045525932469562e-5 1.0128779844570797
0.865 2.889452188231667e-5 1.0128031359290537
0.866 2.8742258060543424e-5 1.0127287847191966
0.867 2.8588752532809902e-5 1.012654926581119
0.868 2.8434021387746533e-5 1.0125815573249617
0.869 2.8278082156218964e-5 1.0125086728071075
0.87 2.81209521219572e-5 1.0124362689358368
0.871 2.796264746596222e-5 1.0123643416703827
0.872 2.780318617595645e-5 1.0122928870185208
0.873 2.7642585257336982e-5 1.0122219010346765
0.874 2.7480861025108716e-5 1.0121513798215935
0.875 2.7318031384504504e-5 1.0120813195279044
0.876 2.715411369830223e-5 1.0120117163496591
0.877 2.698912345677762e-5 1.0119425665282005
0.878 2.6823080452875736e-5 1.0118738663510385
0.879 2.6656000261249257e-5 1.011805612141431
0.88 2.6487897650362413e-5 1.0117378002694453
0.881 2.631878836795165e-5 1.0116704271494334
0.882 2.614868796790848e-5 1.0116034892343235
0.883 2.5977612080285706e-5 1.0115369830184533
0.884 2.5805576414683618e-5 1.0114709050360444
0.885 2.563259734161827e-5 1.0114052518604137
0.886 2.545869060460726e-5 1.0113400201033067
0.887 2.5283870741521497e-5 1.011275206414838
0.888 2.5108154714348352e-5 1.0112108074831825
0.889 2.4931558284480015e-5 1.0111468200321265
0.89 2.4754097928125773e-5 1.0110832408203374
0.891 2.4575786791047882e-5 1.0110200666440488
0.892 2.439664027187316e-5 1.0109572943362892
0.893 2.4216673322252635e-5 1.0108949207611364
0.894 2.4035900620833495e-5 1.0108329428175138
0.895 2.3854336559325784e-5 1.01077135743839
0.896 2.3671996028762354e-5 1.0107101615892977
0.897 2.3488893664658228e-5 1.0106493522686362
0.898 2.3305044096033622e-5 1.0105889265055341
0.899 2.3120461488557176e-5 1.0105288813606976
0.9 2.2935160240378227e-5 1.0104692139255018
0.901 2.2749155137669064e-5 1.0104099213229236
0.902 2.256245923210054e-5 1.0103510007073448
0.903 2.2375086448644943e-5 1.0102924492599457
0.904 2.2187051134991975e-5 1.0102342641922561
0.905 2.19983679856095e-5 1.0101764427441555
0.906 2.1809050729126866e-5 1.0101189821823524
0.907 2.1619111813864222e-5 1.010061879804845
0.908 2.142856455605857e-5 1.0100051329341557
0.909 2.123742221188385e-5 1.0099487389213284
0.91 2.104569769068032e-5 1.0098926951432352
0.911 2.0853403710330287e-5 1.0098369990015637
0.912 2.0660552627838058e-5 1.0097816479210182
0.913 2.0467155652736935e-5 1.0097266393611863
0.914 2.0273229445533225e-5 1.0096719708030515
0.915 2.0078784092825153e-5 1.0096176397506593
0.916 1.9883832314770977e-5 1.0095636437335667
0.917 1.9688386390215307e-5 1.009509980304945
0.918 1.949245795007659e-5 1.0094566470417141
0.919 1.9296061531670627e-5 1.0094036415453598
0.92 1.9099208822814795e-5 1.0093509614391425
0.921 1.890191144993114e-5 1.0092986043693757
0.922 1.8704180579476315e-5 1.0092465680055174
0.923 1.850602787484279e-5 1.0091948500379055
0.924 1.83074647921444e-5 1.0091434481792338
0.925 1.8108502316982467e-5 1.009092360162623
0.926 1.7909150559325404e-5 1.0090415837448727
0.927 1.7709423646261602e-5 1.0089911166998646
0.928 1.7509332655929466e-5 1.0089409568234675
0.929 1.7308887677425222e-5 1.0088911019388977
0.93 1.7108098765650226e-5 1.0088415498853016
0.931 1.6906974973529554e-5 1.008792298520823
0.932 1.670552686461324e-5 1.0087433457240962
0.933 1.650376372180906e-5 1.0086946893952855
0.934 1.6301698341436577e-5 1.0086463274485535
0.935 1.6099341354269825e-5 1.0085982578213142
0.936 1.5896702618145575e-5 1.008550478467781
0.937 1.569379167565277e-5 1.0085029873599378
0.9380000000000001 1.5490620175917513e-5 1.0084557824881193
0.9390000000000001 1.5287195729463132e-5 1.00840886186077
0.9400000000000001 1.5083526928472146e-5 1.0083622235057932
0.9410000000000001 1.4879624853580964e-5 1.0083158654656545
0.9420000000000001 1.467549941935875e-5 1.0082697858061827
0.9430000000000001 1.4471157763429332e-5 1.0082239826055062
0.9440000000000001 1.4266612195501516e-5 1.0081784539586132
0.9450000000000001 1.4061871693671346e-5 1.0081331979805261
0.9460000000000001 1.3856944769019552e-5 1.008088212799255
0.9470000000000001 1.3651840549744332e-5 1.008043496559818
0.9480000000000001 1.344656759399987e-5 1.007999047423136
0.9490000000000001 1.3241134255992382e-5 1.007954863566863
0.9500000000000001 1.3035548987017087e-5 1.007910943184159
0.9510000000000001 1.2829820576265583e-5 1.0078672844834944
0.9520000000000001 1.2623958394630819e-5 1.0078238856886517
0.9530000000000001 1.2417971086309265e-5 1.0077807450391503
0.9540000000000001 1.2211866295075424e-5 1.0077378607876295
0.9550000000000001 1.200565184561464e-5 1.0076952312018228
0.9560000000000001 1.1799334985684862e-5 1.0076528545638457
0.9570000000000001 1.1592925370784712e-5 1.007610729171788
0.9580000000000001 1.1386432577253913e-5 1.0075688533383187
0.9590000000000001 1.1179864742194567e-5 1.0075272253978962
0.96 1.0973227483557224e-5 1.0074858436902565
0.961 1.0766529194461416e-5 1.0074447065650747
0.962 1.055977698366517e-5 1.0074038123829232
0.963 1.0352978106142885e-5 1.0073631595243686
0.964 1.0146140154709826e-5 1.0073227463869945
0.965 9.939270269987421e-6 1.0072825713777769
0.966 9.732376606397253e-6 1.0072426329135664
0.967 9.525466430293505e-6 1.0072029294271778
0.968 9.318545854952731e-6 1.0071634593700396
0.969 9.11162139960453e-6 1.0071242212007319
0.97 8.904699756673295e-6 1.0070852133910821
0.971 8.69778808587629e-6 1.007046434424575
0.972 8.490893395884935e-6 1.0070078827970848
0.973 8.284021567162014e-6 1.0069695570162367
0.974 8.077180554399987e-6 1.0069314556018065
0.975 7.87037596761131e-6 1.0068935770855028
0.976 7.663614307928945e-6 1.0068559200106586
0.977 7.4569021013548564e-6 1.0068184829322386
0.978 7.2502453203338035e-6 1.0067812644170988
0.979 7.043650528837375e-6 1.006744263043404
0.98 6.837123343927942e-6 1.0067074774011924
0.981 6.6306697016904614e-6 1.006670906089783
0.982 6.424296598472878e-6 1.006634547720759
0.983 6.218009393599289e-6 1.0065984009156315
0.984 6.0118132880759845e-6 1.0065624643055546
0.985 5.805713624851272e-6 1.0065267365342445
0.986 5.599716036419622e-6 1.0064912162539228
0.987 5.393826234212362e-6 1.0064559021301749
0.988 5.1880492704659e-6 1.0064207928380633
0.989 4.982390476138132e-6 1.0063858870616318
0.99 4.7768557151495195e-6 1.0063511834959011
0.991 4.571450472889982e-6 1.0063166808463981
0.992 4.36618080956741e-6 1.0062823778283483
0.993 4.161051490925161e-6 1.006248273165695
0.994 3.956067332666624e-6 1.006214365593643
0.995 3.751233243254326e-6 1.0061806538572882
0.996 3.546554425859494e-6 1.0061471367103194
0.997 3.342035696518586e-6 1.0061138129141667
0.998 3.1376821268414012e-6 1.0060806812407803
0.999 2.9334989463114525e-6 1.006047740471755
1.0 2.729490760577935e-6 1.0060149893981938
