0.001 0.9999999639918559 5.271904002854858e-7
0.002 0.9999997392217499 3.4414420377264075e-6
0.003 0.9999992749410543 8.967749802075386e-6
0.004 0.9999985684026675 1.6921186412846286e-5
0.005 0.9999976177071055 2.718912331366798e-5
0.006 0.9999964209535221 3.9692660327954383e-5
0.007 0.9999949762246362 5.437196866189718e-5
0.008 0.9999932815857855 7.117955333171822e-5
0.009000000000000001 0.9999913350850371 9.00765638371124e-5
0.01 0.9999891347530862 0.00011103054815890398
0.011 0.9999866786031427 0.00013401398246146485
0.012 0.9999839646309193 0.00015900325545115164
0.013000000000000001 0.999980990814316 0.00018597793815028306
0.014 0.9999777551133611 0.00021492024083565958
0.015 0.9999742554700204 0.0002458145986190966
0.016 0.9999704898079549 0.00027864734819454387
0.017 0.9999664560324087 0.0003134064707215641
0.018000000000000002 0.9999621520299928 0.00035008138429146814
0.019 0.9999575756684467 0.00038866277395014736
0.02 0.9999527247965495 0.0004291424506166277
0.021 0.9999475972438133 0.00047151323319851845
0.022 0.9999421908203401 0.0005157688486966606
0.023 0.9999365033166311 0.0005619038470842829
0.024 0.9999305325033158 0.0006099135282678713
0.025 0.9999242761310263 0.0006597938786560211
0.026000000000000002 0.9999177319301137 0.0007115415161742201
0.027 0.999910897610471 0.0007651536419710501
0.028 0.9999037708613502 0.000820627997919322
0.029 0.9998963493510514 0.0008779628292154759
0.03 0.9998886307267777 0.0009371568509176832
0.031 0.9998806126144015 0.0009982092182623085
0.032 0.9998722926182044 0.001061119500117832
0.033 0.9998636683206963 0.0011258876550338968
0.034 0.999854737282313 0.0011925140098202403
0.035 0.999845497041256 0.0012609992399932358
0.036000000000000004 0.9998359451132017 0.0013313443522539176
0.037 0.9998260789911083 0.0014035506684292737
0.038 0.9998158961449 0.001477619811037121
0.039 0.999805394021276 0.0015535536899207337
0.04 0.9997945700434478 0.0016313544901225985
0.041 0.9997834216108952 0.0017110246607668128
0.042 0.9997719460990739 0.0017925669049006585
0.043000000000000003 0.9997601408591684 0.0018759841701148166
0.044 0.9997480032178848 0.0019612796398568665
0.045 0.9997355304770872 0.0020484567256111677
0.046 0.9997227199136132 0.002137519059434037
0.047 0.9997095687789619 0.0022284704872376168
0.048 0.9996960742989892 0.0023213150625655174
0.049 0.9996822336737023 0.002416057040720934
0.05 0.9996680440769301 0.0025127008734752367
0.051000000000000004 0.9996535026559973 0.002611251204119006
0.052000000000000005 0.9996386065315355 0.002711712862740342
0.053 0.9996233527970657 0.0028140908620818052
0.054 0.9996077385188215 0.002918390393432631
0.055 0.9995917607353367 0.0030246168231203956
0.056 0.9995754164572319 0.0031327756889197866
0.057 0.9995587026668269 0.0032428726969846553
0.058 0.9995416163178972 0.0033549137188131
0.059000000000000004 0.9995241543352574 0.0034689047886614682
0.06 0.9995063136146084 0.00358485210073733
0.061 0.9994880910220296 0.0037027620071173497
0.062 0.999469483393733 0.0038226410154447547
0.063 0.9994504875357332 0.003944495786895373
0.064 0.9994311002234949 0.004068333134327975
0.065 0.9994113182015744 0.004194160020586199
0.066 0.9993911381833115 0.004321983556840377
0.067 0.9993705568504405 0.0044518110011674186
0.068 0.999349570852759 0.004583649757177762
0.069 0.9993281768077287 0.004717507372818972
0.07 0.9993063713001258 0.004853391539231843
0.07100000000000001 0.9992841508817399 0.004991310089626847
0.07200000000000001 0.9992615120708592 0.005131270998527797
0.073 0.9992384513520008 0.00527328238078271
0.074 0.9992149651754886 0.005417352490850503
0.075 0.9991910499570752 0.0055634897221140105
0.076 0.9991667020774871 0.005711702606354017
0.077 0.9991419178821205 0.005861999813092631
0.078 0.999116693680544 0.006014390149268368
0.079 0.9990910257461686 0.006168882558748663
0.08 0.9990649103157239 0.0063254861221490235
0.081 0.9990383435889519 0.006484210056422317
0.082 0.9990113217281043 0.006645063714752368
0.083 0.9989838408575166 0.006808056586403143
0.084 0.9989558970631816 0.006973198296622667
0.085 0.9989274863923218 0.0071404986065896695
0.08600000000000001 0.9988986048528864 0.00730996741350981
0.08700000000000001 0.9988692484131284 0.007481614750630562
0.088 0.9988394130011455 0.007655450787365673
0.089 0.9988090945043814 0.007831485829492491
0.09 0.9987782887691633 0.00800973031935007
0.091 0.9987469916002105 0.008190194836108923
0.092 0.9987151987601712 0.008372890096038945
0.093 0.9986829059690724 0.008557826952912994
0.094 0.9986501089038985 0.0087450163982789
0.095 0.9986168031979611 0.008934469562067093
0.096 0.9985829844405142 0.00912619771284659
0.097 0.9985486481761274 0.00932021225848132
0.098 0.9985137899041779 0.009516524746624932
0.099 0.9984784050783969 0.009715146865178855
0.1 0.9984424891061443 0.009916090443152918
0.101 0.9984060373480539 0.01011936745101711
0.10200000000000001 0.9983690451172921 0.01032499000164139
0.10300000000000001 0.9983315076791396 0.010532970350796129
0.10400000000000001 0.9982934202502928 0.010743320898066462
0.105 0.9982547779983738 0.010956054187489387
0.106 0.9982155760412841 0.011171182908442661
0.107 0.9981758094465767 0.01138871989651895
0.108 0.9981354732309041 0.011608678134325723
0.109 0.9980945623593712 0.011831070752430246
0.11 0.9980530717449086 0.01205591103028074
0.111 0.9980109962476303 0.012283212397192324
0.112 0.9979683306742233 0.012512988433295479
0.113 0.9979250697771885 0.012745252870717228
0.114 0.997881208254331 0.012980019594413379
0.115 0.997836740747956 0.01321730264344353
0.116 0.9977916618442273 0.01345711621203039
0.117 0.9977459660724878 0.013699474650720952
0.11800000000000001 0.9976996479045621 0.01394439246753586
0.11900000000000001 0.9976527017539859 0.01419188432925971
0.12 0.9976051219753527 0.014441965062543492
0.121 0.9975569028635469 0.014694649655253552
0.122 0.9975080386530182 0.01494995325771731
0.123 0.9974585235169867 0.0152078911841136
0.124 0.9974083515667356 0.015468478913759739
0.125 0.9973575168507613 0.015731732092602528
0.126 0.9973060133540167 0.015997666534618756
0.127 0.9972538349971551 0.016266298223125232
0.128 0.9972009756356254 0.016537643312481868
0.129 0.9971474290589251 0.016811718129476128
0.13 0.9970931889897304 0.017088539174814763
0.131 0.9970382490830756 0.017368123124670645
0.132 0.9969826029254822 0.01765048683235346
0.133 0.996926244034029 0.01793564733000647
0.134 0.9968691658555814 0.01822362183009949
0.135 0.9968113617657732 0.01851442772728362
0.136 0.996752825068152 0.018808082600029828
0.137 0.9966935489932834 0.01910460421234196
0.138 0.9966335266977242 0.0194040105156717
0.139 0.9965727512631316 0.019706319650652844
0.14 0.9965112156952907 0.020011549948956313
0.14100000000000001 0.996448912923119 0.02031971993519602
0.14200000000000002 0.9963858357976636 0.02063084832882004
0.14300000000000002 0.9963219770910878 0.020944954046087393
0.14400000000000002 0.996257329495711 0.02126205620195579
0.145 0.9961918856228152 0.021582174112315895
0.146 0.9961256380017413 0.021905327295828392
0.147 0.9960585790787179 0.022231535476130913
0.148 0.9959907012158074 0.02256081858393363
0.149 0.9959219966897828 0.022893196759183682
0.15 0.995852457691032 0.023228690353199594
0.151 0.9957820763223671 0.023567319931001734
0.152 0.995710844597934 0.023909106273472234
0.153 0.9956387544419304 0.02425407037981576
0.154 0.9955657976874885 0.024602233469765224
0.155 0.9954919660754934 0.024953616985935248
0.156 0.9954172512532516 0.025308242596392624
0.157 0.9953416447732908 0.025666132197014153
0.158 0.9952651380921267 0.026027307913952802
0.159 0.9951877225689053 0.02639179210627415
0.16 0.9951093894640732 0.026759607368557155
0.161 0.9950301299381331 0.027130776533387913
0.162 0.9949499350502901 0.027505322674034466
0.163 0.9948687957569547 0.02788326910732579
0.164 0.9947867029104719 0.02826463939622434
0.165 0.9947036472576382 0.02864945735271089
0.166 0.9946196194383379 0.029037747040506698
0.167 0.9945346099839193 0.029429532778206882
0.168 0.9944486093159449 0.029824839141859672
0.169 0.9943616077444473 0.0302236909682807
0.17 0.99427359546659 0.030626113357806406
0.171 0.9941845625649496 0.031032131677584358
0.17200000000000001 0.9940944990060254 0.03144177156456219
0.17300000000000001 0.9940033946386331 0.03185505892866056
0.17400000000000002 0.9939112391922431 0.03227201995603172
0.17500000000000002 0.9938180222753108 0.032692681112341464
0.176 0.9937237333736465 0.03311706914600786
0.177 0.9936283618485595 0.0335452110917787
0.178 0.9935318969353331 0.03397713427385114
0.179 0.9934343277412908 0.034412866309575144
0.18 0.9933356432440329 0.0348524351129763
0.181 0.9932358322896347 0.03529586889827822
0.182 0.993134883590778 0.035743196183559464
0.183 0.9930327857248655 0.03619444579448489
0.184 0.9929295271320646 0.036649646868102695
0.185 0.992825096113424 0.037108828856586035
0.186 0.9927194808288204 0.037572021531229585
0.187 0.9926126692949858 0.038039254986320464
0.188 0.9925046493834635 0.038510559643148964
0.189 0.9923954088184863 0.03898596625412902
0.19 0.9922849351748598 0.03946550590697584
0.191 0.9921732158758678 0.03994921002879144
0.192 0.9920602381910375 0.04043711039040327
0.193 0.991945989233902 0.04092923911072137
0.194 0.9918304559597964 0.04142562866106206
0.195 0.9917136251634496 0.0419263118697914
0.196 0.9915954834767785 0.04243132192668752
0.197 0.9914760173663772 0.04294069238780155
0.198 0.991355213131216 0.04345445717990203
0.199 0.9912330569001008 0.043972650605452385
0.2 0.9911095346291593 0.0444953073474358
0.201 0.9909846320993753 0.04502246247413501
0.202 0.9908583349138773 0.04555415144441584
0.203 0.9907306284954984 0.04609041011240878
0.20400000000000001 0.9906014980838641 0.04663127473315706
0.20500000000000002 0.9904709287328591 0.047176781967544074
0.20600000000000002 0.9903389053077276 0.04772696888779672
0.20700000000000002 0.9902054124823394 0.048281872982831375
0.20800000000000002 0.9900704347362396 0.04884153216391434
0.209 0.9899339563517894 0.04940598477014288
0.21 0.9897959614112077 0.04997526957413111
0.211 0.9896564337934978 0.05054942578795829
0.212 0.9895153571713874 0.05112849306890656
0.213 0.9893727150082576 0.05171251152548352
0.214 0.9892284905548424 0.052301521723670544
0.215 0.9890826668461119 0.05289556469288383
0.216 0.9889352266979168 0.05349468193238864
0.217 0.9887861527036366 0.05409891541768444
0.218 0.9886354272307352 0.0547083076070637
0.219 0.9884830324173534 0.0553229014481189
0.22 0.9883289501687434 0.05594274038451371
0.221 0.9881731621536123 0.056567868362869006
0.222 0.9880156498005394 0.05719832983964348
0.223 0.9878563942942035 0.05783416978822058
0.224 0.9876953765716211 0.058475433706094725
0.225 0.9875325773181749 0.059122167622277524
0.226 0.9873679769638157 0.05977441810454696
0.227 0.9872015556789572 0.06043223226714261
0.228 0.9870332933704673 0.06109565777835925
0.229 0.9868631696774265 0.061764742868478675
0.23 0.9866911639669589 0.06243953633764362
0.231 0.9865172553299316 0.06312008756390586
0.232 0.986341422576511 0.06380644651155476
0.233 0.9861636442317286 0.06449866373943793
0.234 0.985983898530932 0.06519679040946645
0.23500000000000001 0.9858021634151426 0.06590087829526795
0.23600000000000002 0.9856184165263318 0.06661097979099022
0.23700000000000002 0.9854326352025858 0.06732714792035037
0.23800000000000002 0.9852447964733091 0.0680494363455673
0.23900000000000002 0.9850548770540558 0.06877789937691003
0.24 0.9848628533415998 0.06951259198199156
0.241 0.9846687014086841 0.07025356979531205
0.242 0.9844723969988033 0.07100088912801666
0.243 0.9842739155207467 0.07175460697794973
0.244 0.9840732320431783 0.07251478103973703
0.245 0.9838703212890505 0.07328146971503743
0.246 0.9836651576298605 0.07405473212313644
0.247 0.983457715079941 0.07483462811143181
0.248 0.9832479672904689 0.075621218266435
0.249 0.9830358875435065 0.07641456392478035
0.25 0.9828214487458244 0.07721472718447535
0.251 0.9826046234226401 0.07802177091639778
0.252 0.9823853837112964 0.0788357587758241
0.253 0.9821637013547001 0.07965675521443134
0.254 0.9819395476947657 0.08048482549224543
0.255 0.98171289366559 0.08132003569005183
0.256 0.9814837097865644 0.08216245272195856
0.257 0.9812519661554693 0.08301214434789757
0.258 0.9810176324411499 0.08386917918694642
0.259 0.9807806778763306 0.08473362673032024
0.26 0.9805410712501701 0.08560555735481144
0.261 0.9802987809006248 0.08648504233657923
0.262 0.9800537747067208 0.08737215386512134
0.263 0.9798060200806947 0.0882669650573807
0.264 0.9795554839598776 0.08916954997247888
0.265 0.9793021327984872 0.09007998362629317
0.266 0.9790459325594174 0.09099834200626797
0.267 0.97878684870544 0.09192470208712067
0.268 0.9785248461906596 0.0928591418461821
0.269 0.9782598894515886 0.09380174027929426
0.27 0.9779919423980266 0.09475257741707183
0.271 0.9777209684038772 0.09571173434129152
0.272 0.9774469302976581 0.09667929320179908
0.273 0.9771697903527884 0.09765533723367288
0.274 0.9768895102779261 0.0986399507744265
0.275 0.9766060512068594 0.0996332192818378
0.276 0.9763193736882256 0.1006352293521632
0.277 0.9760294376750895 0.10164606873848578
0.278 0.9757362025143327 0.10266582636951488
0.279 0.9754396269356561 0.1036945923688899
0.28 0.9751396690404901 0.1047324580746609
0.281 0.9748362862907591 0.10577951605905024
0.28200000000000003 0.9745294354971291 0.10683586014898327
0.28300000000000003 0.9742190728072898 0.10790158544675019
0.28400000000000003 0.9739051536938721 0.10897678835079806
0.28500000000000003 0.9735876329421643 0.11006156657743466
0.28600000000000003 0.9732664646373923 0.11115601918278663
0.28700000000000003 0.9729416021520971 0.1122602465848563
0.28800000000000003 0.9726129981327727 0.11337435058658471
0.289 0.9722806044865547 0.11449843439920677
0.29 0.9719443723675205 0.11563260266574109
0.291 0.9716042521627144 0.11677696148525993
0.292 0.971260193477765 0.11793161843756106
0.293 0.9709121451224956 0.11909668260812996
0.294 0.9705600550958866 0.12027226461378367
0.295 0.9702038705708964 0.12145847662881595
0.296 0.9698435378788602 0.12265543241174524
0.297 0.969479002493638 0.1238632473324416
0.298 0.9691102090154199 0.12508203839974727
0.299 0.9687371011540273 0.12631192428995375
0.3 0.9683596217120211 0.12755302537561672
0.301 0.9679777125673233 0.12880546375498525
0.302 0.9675913146556274 0.13006936328188298
0.303 0.967200367952194 0.131344849596605
0.304 0.9668048114533698 0.13263205015700788
0.305 0.9664045831576783 0.13393109427053934
0.306 0.9659996200464621 0.1352421131268248
0.307 0.9655898580641862 0.1365652398307123
0.308 0.9651752320981762 0.13790060943637147
0.309 0.9647556759579965 0.13924835898179908
0.31 0.9643311223543306 0.14060862752413722
0.311 0.9639015028772805 0.14198155617585526
0.312 0.9634667479744874 0.14336728814123778
0.313 0.9630267869283805 0.14476596875421197
0.314 0.9625815478330983 0.14617774551661508
0.315 0.9621309575709356 0.14760276813727072
0.316 0.9616749417881337 0.14904118857194504
0.317 0.9612134248702016 0.15049316106410648
0.318 0.9607463299165657 0.1519588421866033
0.319 0.9602735787147519 0.15343839088411262
0.32 0.9597950917139244 0.15493196851653707
0.321 0.9593107879978068 0.15643973890327423
0.322 0.9588205852570776 0.1579618683683793
0.323 0.9583243997607714 0.15949852578705642
0.324 0.9578221463275575 0.16104988263246595
0.325 0.9573137382958858 0.16261611302412368
0.326 0.9567990874937217 0.16419739377683018
0.327 0.9562781042074427 0.16579390445098038
0.328 0.9557506971499518 0.16740582740396162
0.329 0.9552167734280921 0.16903334784258112
0.33 0.9546762385094387 0.17067665387619033
0.331 0.9541289961880517 0.17233593657162224
0.332 0.9535749485496118 0.17401139000887852
0.333 0.9530139959355853 0.17570321133813824
0.334 0.9524460369066224 0.17741160083789909
0.335 0.9518709682050399 0.17913676197450987
0.336 0.9512886847165196 0.18087890146268465
0.337 0.9506990794306893 0.18263822932769375
0.338 0.9501020434008534 0.1844149589687072
0.339 0.9494974657026841 0.1862093072236241
0.34 0.9488852333921218 0.18802149443494767
0.341 0.9482652314619854 0.18985174451735384
0.342 0.9476373427978466 0.1917002850263883
0.343 0.9470014481323277 0.193567347229431
0.34400000000000003 0.9463574259988571 0.19545316617735936
0.34500000000000003 0.9457051526839314 0.1973579807778366
0.34600000000000003 0.9450445021783183 0.19928203387063445
0.34700000000000003 0.9443753461269497 0.20122557230448607
0.34800000000000003 0.9436975537777933 0.20318884701515583
0.34900000000000003 0.9430109919293276 0.20517211310574382
0.35000000000000003 0.9423155248767333 0.2071756299281229
0.35100000000000003 0.9416110143567581 0.20919966116581715
0.352 0.9408973194912236 0.21124447492023624
0.353 0.9401742967289363 0.2133103437978457
0.354 0.9394417997864175 0.2153975449989934
0.355 0.9386996795871091 0.217506360408571
0.356 0.9379477841989442 0.2196370766889538
0.357 0.937185958770646 0.22178998537435343
0.358 0.936414045465953 0.22396538296811505
0.359 0.9356318833966406 0.22616357104119128
0.36 0.9348393085535047 0.2283848563332192
0.361 0.9340361537358837 0.23062955085534867
0.362 0.9332222484791599 0.23289797199571097
0.363 0.9323974189805471 0.23519044262688923
0.364 0.9315614880230869 0.23750729121537992
0.365 0.9307142748976919 0.2398488519335004
0.366 0.9298555953230362 0.24221546477381378
0.367 0.9289852613635896 0.2446074756654809
0.368 0.9281030813456183 0.24702523659323708
0.369 0.9272088597707316 0.2494691057191115
0.37 0.9263023972275768 0.25193944750603386
0.371 0.925383490301094 0.25443663284441415
0.372 0.924451931479508 0.2569610391809911
0.373 0.9235075090590296 0.2595130506502676
0.374 0.9225500070460465 0.26209305820837187
0.375 0.9215792050564839 0.2647014597703499
0.376 0.9205948782132843 0.2673386603489977
0.377 0.9195967970408763 0.27000507219699005
0.378 0.9185847273567752 0.2727011149517663
0.379 0.9175584301608993 0.2754272157826957
0.38 0.9165176615215952 0.2781838095414683
0.381 0.9154621724589717 0.2809713389149814
0.382 0.9143917088250034 0.2837902545814976
0.383 0.91330601118135 0.2866410153681988
0.384 0.9122048146728422 0.2895240884135024
0.385 0.9110878488989744 0.29243994933036305
0.386 0.9099548377812425 0.2953890823734671
0.387 0.9088054994276794 0.2983719806085165
0.388 0.9076395459933299 0.3013891460852163
0.389 0.9064566835383473 0.3044410900111434
0.39 0.9052566118810392 0.3075283329305585
0.391 0.9040390244482888 0.3106514049042273
0.392 0.9028036081219819 0.31381084569221807
0.393 0.9015500430812344 0.3170072049399864
0.394 0.9002780026407693 0.3202410423664321
0.395 0.8989871530861178 0.32351292795320524
0.396 0.897677153503459 0.3268234421383833
0.397 0.8963476556062695 0.3301731760108652
0.398 0.8949983035572446 0.33356273150734195
0.399 0.8936287337855613 0.33699272161174515
0.4 0.892238574800673 0.34046377055521526
0.401 0.8908274470009376 0.3439765140184644
0.402 0.8893949624775901 0.3475315993358439
0.403 0.8879407248140758 0.3511296857005807
0.404 0.8864643288814796 0.3547714443695874
0.405 0.8849653606278223 0.3584575588713173
0.406 0.8834433968636108 0.36218872521227896
0.40700000000000003 0.8818980050416855 0.36596565208478016
0.40800000000000003 0.8803287430326079 0.3697890610736511
0.40900000000000003 0.8787351588945682 0.3736596868633765
0.41000000000000003 0.8771167906385722 0.3775782774430142
0.41100000000000003 0.875473165988457 0.38154559431022683
0.41200000000000003 0.8738038021351957 0.38556241267439495
0.41300000000000003 0.8721082054868277 0.38962952165584874
0.41400000000000003 0.8703858714126423 0.39374772448237166
0.41500000000000004 0.8686362839824305 0.39791783868242175
0.41600000000000004 0.8668589157004233 0.40214069627361543
0.417 0.8650532272331481 0.4064171439479232
0.418 0.8632186671337294 0.41074804324771563
0.419 0.8613546715598713 0.41513427073799686
0.42 0.8594606639875858 0.4195767181687798
0.421 0.8575360549196285 0.42407629263020225
0.422 0.8555802415885829 0.42863391669763523
0.423 0.8535926076558729 0.4332505285652306
0.424 0.8515725229062169 0.4379270821673324
0.425 0.8495193429373136 0.44266454728646626
0.426 0.8474324088459563 0.4474639096454498
0.427 0.8453110469086494 0.45232617098490546
0.428 0.843154568260389 0.4572523491192847
0.429 0.8409622685693801 0.46224347797478643
0.43 0.8387334277089509 0.46730060760377784
0.431 0.836467309427241 0.4724248041740724
0.432 0.8341631610140026 0.47761714993363513
0.433 0.8318202129658478 0.4828787431455235
0.434 0.8294376786522629 0.48821069798796973
0.435 0.8270147539789645 0.49361414442324897
0.436 0.8245506170536189 0.49909022802654945
0.437 0.8220444278508345 0.5046401097763255
0.438 0.8194953278815564 0.5102649657978
0.439 0.8169024398632754 0.5159659870593003
0.44 0.814264867396433 0.5217443790149129
0.441 0.8115816946438418 0.5276013611950565
0.442 0.8088519860192226 0.5335381667305344
0.443 0.8060747858824517 0.5395560418138085
0.444 0.8032491182451326 0.5456562450887686
0.445 0.8003739864859127 0.5518400469661424
0.446 0.7974483730810835 0.5581087288534322
0.447 0.7944712393495396 0.5644635822988494
0.448 0.7914415252138852 0.5709059080404554
0.449 0.7883581489835423 0.5774370149523561
0.45 0.7852200071589853 0.5840582188828143
0.451 0.7820259742614144 0.5907708413745089
0.452 0.7787749026917616 0.5975762082601325
0.453 0.7754656226190084 0.604475648125111
0.454 0.772096941906901 0.611470490623921
0.455 0.768667646077496 0.6185620646475637
0.456 0.7651764983189826 0.6257516963254877
0.457 0.7616222395406275 0.6330407068557758
0.458 0.7580035884829379 0.6404304101467831
0.459 0.7543192418832678 0.647922110265483
0.46 0.7505678747081009 0.6555170986727937
0.461 0.7467481404506149 0.6632166512423555
0.462 0.7428586715097137 0.6710220250367475
0.463 0.7388980796498165 0.678934454839438
0.464 0.7348649565527611 0.686955149416953
0.465 0.7307578744684596 0.6950852875057196
0.466 0.7265753869739913 0.7033260135011667
0.467 0.7223160298493932 0.7116784328361302
0.468 0.7179783220789459 0.7201436070324942
0.46900000000000003 0.7135607669928531 0.7287225484032358
0.47000000000000003 0.7090618535543216 0.7374162143990344
0.47100000000000003 0.7044800578079142 0.7462255015698367
0.47200000000000003 0.699813844503328 0.7551512391290326
0.47300000000000003 0.6950616688996402 0.764194182107929
0.47400000000000003 0.6902219787745488 0.7733550040674206
0.47500000000000003 0.6852932166503807 0.7826342893665873
0.47600000000000003 0.6802738222440913 0.7920325249603224
0.47700000000000004 0.6751622351708813 0.8015500917125382
0.47800000000000004 0.6699568979079562 0.8111872552107127
0.47900000000000004 0.6646562590414028 0.8209441560634899
0.48 0.6592587768179735 0.8308207996689962
0.481 0.6537629230096357 0.8408170454425687
0.482 0.6481671871273772 0.8509325954894239
0.483 0.6424700809897546 0.8611669827232473
0.484 0.6366701436788235 0.8715195584155581
0.485 0.6307659468993562 0.8819894791798616
0.486 0.6247561007675925 0.8925756933821547
0.487 0.6186392600431698 0.9032769270025888
0.488 0.6124141308469095 0.9140916689357517
0.489 0.606079477860001 0.9250181557605105
0.49 0.5996341320561867 0.9360543559874548
0.491 0.5930769989607558 0.9471979538302031
0.492 0.5864070674827637 0.9584463325140217
0.493 0.5796234193190946 0.96979655718636
0.494 0.5727252389705677 0.9812453574573188
0.495 0.5657118243661045 0.9927891096612256
0.496 0.5585825981276564 1.0044238188747516
0.497 0.5513371194740014 1.0161451008258535
0.498 0.5439750967840079 1.027948163732443
0.499 0.5364964008113001 1.0398277902231279
0.5 0.5289010785636267 1.0517783194440402
0.501 0.5211893678231804 1.0637936295006083
0.502 0.513361711759299 1.0758671210128987
0.503 0.5054187756933104 1.0879916995110026
0.504 0.4973614634332416 1.1001597599244566
0.505 0.48919093314397233 1.1123631732058066
0.506 0.48090861605609236 1.1245932716045712
0.507 0.4725162336179141 1.1368408375651546
0.508 0.4640158157608861 1.149096093725945
0.509 0.4554097197789105 1.1613486947400007
0.51 0.4467006485996434 1.1735877215732644
0.511 0.43789166966637505 1.1858016782023326
0.512 0.42898623364656846 1.1979784911902698
0.513 0.41998819176695384 1.210105513514873
0.514 0.4109018158803093 1.2221695287785523
0.515 0.40173181462021107 1.2341567624327083
0.516 0.39248334963328046 1.2460528961683632
0.517 0.3831620505190857 1.2578430867276116
0.518 0.3737740287696923 1.269511988988686
0.519 0.3643258906063584 1.2810437837420874
0.52 0.35482474565688993 1.2924222121214304
0.521 0.345278214211837 1.3036306143452254
0.522 0.33569443158299245 1.3146519741777718
0.523 0.32608204886254244 1.3254689693625623
0.524 0.3164502297521323 1.3360640276037279
0.525 0.30680864320080387 1.3464193887097817
0.526 0.29716745082692153 1.3565171721716032
0.527 0.2875372892102745 1.366339450387692
0.528 0.2779292460939107 1.3758683275617363
0.529 0.2683548302058076 1.3850860235884292
0.53 0.2588259342281273 1.3939749624373008
0.531 0.24935479065833216 1.4025178650945358
0.532 0.23995391993131715 1.4106978458104946
0.533 0.2306360708937925 1.4184985113934525
0.534 0.22141415356992705 1.425904062843673
0.535 0.21230116418691886 1.4328993981288016
0.536 0.20331010279262657 1.4394702152105203
0.537 0.19445388415003934 1.4456031144648473
0.538 0.1857452427411702 1.4512856994353718
0.539 0.17719663276344522 1.4565066744848174
0.54 0.1688201246966945 1.4612559384434392
0.541 0.16062730002737258 1.4655246729752587
0.542 0.15262914604430933 1.4693054244856307
0.543 0.1448359528389267 1.4725921784228957
0.544 0.1372572147933775 1.4753804248706894
0.545 0.12990153891578526 1.4776672143992593
0.546 0.12277656236344975 1.4794512032365759
0.547 0.11588888137057657 1.4807326869350956
0.548 0.10924399356465342 1.4815136218429923
0.549 0.10284625531663444 1.4817976338408194
0.55 0.09669885533987249 1.4815900139703706
0.551 0.09080380524970771 1.4808977007602404
0.552 0.08516194724865644 1.479729249239015
0.553 0.07977297854315846 1.478094786810489
0.554 0.07463549156327876 1.4760059563861683
0.555 0.06974702856509574 1.4734758472897793
0.556 0.0651041487995705 1.4705189146912891
0.557 0.06070250612661876 1.4671508884805957
0.558 0.056536934754933155 1.4633886725919216
0.559 0.052601540717783335 1.4592502359825654
0.56 0.04888979671886823 1.454754496534095
0.561 0.04539463810861222 1.4499211992446168
0.562 0.042108557950304104 1.4447707901244813
0.5630000000000001 0.03902369939303307 1.4393242872469632
0.5640000000000001 0.036131943861130056 1.4336031504373843
0.5650000000000001 0.03342499386981318 1.4276291509821804
0.5660000000000001 0.030894449587538786 1.421424242795143
0.5670000000000001 0.028531878545802802 1.415010436329124
0.5680000000000001 0.02632887816038404 1.408409676477595
0.5690000000000001 0.024277130952209458 1.4016437255890757
0.5700000000000001 0.022368452546525364 1.3947340526007033
0.5710000000000001 0.020594832680538633 1.3877017291667932
0.5720000000000001 0.018948469566640258 1.3805673335199826
0.5730000000000001 0.017421798042020764 1.3733508626602668
0.5740000000000001 0.016007511991195655 1.3660716533242552
0.5750000000000001 0.01469858155827053 1.3587483120446124
0.5760000000000001 0.01348826567743483 1.3513986544734413
0.577 0.012370120444907262 1.3440396540128905
0.578 0.011338003839746424 1.336687399674979
0.579 0.010386077274501027 1.3293570629817755
0.58 0.009508804426781592 1.3220628736185496
0.581 0.008700947767014244 1.31481810346515
0.582 0.007957563162346915 1.3076350585630876
0.583 0.007273992898611192 1.3005250784876603
0.584 0.00664585742804219 1.2934985426099128
0.585 0.006069046114113075 1.2865648826251315
0.586 0.005539707212907807 1.2797326007437528
0.587 0.005054237300437248 1.2730092929219945
0.588 0.004609270326766779 1.2664016765039028
0.589 0.0042016664529292425 1.2599156216554377
0.59 0.0038285008026389122 1.2535561859852413
0.591 0.0034870522412714933 1.2473276517704501
0.592 0.0031747922751321767 1.2412335652315805
0.593 0.0028893741482722834 1.23527677733408
0.594 0.0026286221992886105 1.2294594856286987
0.595 0.0023905215282359338 1.2237832766817272
0.596 0.0021732080123416098 1.2182491686853008
0.597 0.001974958699945406 1.2128576538782527
0.598 0.001794182603545913 1.2076087404559457
0.599 0.0016294119062232326 1.202501993654433
0.6 0.0014792935889094694 1.1975365757919205
0.601 0.0013425814811556802 1.1927112850531754
0.602 0.00121812873456284 1.1880245928115767
0.603 0.0011048807133168803 1.1834746793693065
0.604 0.0010018682939567647 1.1790594679998134
0.605 0.0009082015641891927 1.1747766572024028
0.606 0.0008230639086557745 1.170623751114008
0.607 0.0007457064676395508 1.1665980880569335
0.608 0.0006754429546351748 1.162696867198538
0.609 0.0006116448170908062 1.1589171733261154
0.61 0.0005537367246519209 1.1552559997668321
0.611 0.0005011923686432107 1.1517102694873966
0.612 0.0004535305566431558 1.1482768544211126
0.613 0.000410311586075629 1.1449525930812277
0.614 0.0003711338812218412 1.1417343065265633
0.615 0.00033563087774723943 1.1386188127518524
0.616 0.0003034681399691763 1.1356029395834761
0.617 0.000274340696560349 1.1326835361473426
0.618 0.0002479705796419318 1.1298574830145023
0.619 0.00022410455481131075 1.1271217010923313
0.62 0.00020251202879784103 1.1244731593473805
0.621 0.00018298312246817217 1.1219088814458198
0.622 0.00016532689749326757 1.1194259513919107
0.623 0.00014936972558238226 1.117021518247417
0.624 0.00013495379005423747 1.1146927999963638
0.625 0.00012193570911939178 1.1124370866593043
0.626 0.00011018527258038757 1.110251742671493
0.627 9.958428166062516e-5 1.108134208675071
0.628 9.002548511749531e-5 1.1060820027011198
0.629 8.141160226821098e-5 1.1040927208736875
0.63 7.3654426437475e-5 1.1021640376513107
0.631 6.66740011976974e-5 1.100293705667191
0.632 6.039786284572912e-5 1.0984795552218696
0.633 5.476034269252805e-5 1.0967194934713627
0.634 4.970192341235968e-5 1.0950115033585504
0.635 4.516864414000343e-5 1.0933536423043229
0.636 4.111154880725998e-5 1.0917440407176657
0.637 3.7486175258560905e-5 1.09018090035829
0.638 3.425208098445376e-5 1.0886624925641921
0.639 3.137240440842515e-5 1.0871871563861435
0.64 2.8813460981991224e-5 1.0857532966026073
0.641 2.6544376760251343e-5 1.0843593817111685
0.642 2.45367601174884e-5 1.083003941874931
0.643 2.276441633902726e-5 1.0816855668574512
0.644 2.120310907061107e-5 1.080402903937007
0.645 1.9830369392848102e-5 1.0791546558182543
0.646 1.862535334595794e-5 1.0779395785636303
0.647 1.7568743523321828e-5 1.0767564795677647
0.648 1.6642688562551466e-5 1.0756042155853072
0.649 1.5830769319047366e-5 1.0744816905828907
0.65 1.5117975952549934e-5 1.0733878539224642
0.651 1.4490696125746272e-5 1.072321698500272
0.652 1.3936688105065098e-5 1.0712822589173
0.653 1.3445044027060593e-5 1.0702686097275191
0.654 1.3006133067650083e-5 1.0692798636281637
0.655 1.2611531400863463e-5 1.0683151698258484
0.656 1.2253930616601405e-5 1.0673737124499445
0.657 1.1927042420534217e-5 1.066454709068716
0.658 1.1625499253486993e-5 1.0655574091229043
0.659 1.1344747688324386e-5 1.0646810925060008
0.66 1.1080950008457435e-5 1.0638250682912365
0.661 1.083088749154193e-5 1.0629886733890728
0.662 1.0591873217669079e-5 1.062171271252409
0.663 1.0361675280179394e-5 1.0613722505944796
0.664 1.0138445773133498e-5 1.0605910243798284
0.665 9.920662246087897e-6 1.0598270288029916
0.666 9.70707068875809e-6 1.0590797220433
0.667 9.496645671180914e-6 1.058348583444964
0.668 9.288549508712496e-6 1.0576331124127514
0.669 9.082100226820433e-6 1.0569328276592873
0.67 8.87674611754763e-6 1.056247266339514
0.671 8.67203642085368e-6 1.0555759830686615
0.672 8.467615708385168e-6 1.0549185493236723
0.673 8.263198656655035e-6 1.0542745525817065
0.674 8.058557661339005e-6 1.0536435957063026
0.675 7.853514571221076e-6 1.053025296206525
0.676 7.64793141461162e-6 1.0524192856481047
0.677 7.441701472432616e-6 1.0518252090287474
0.678 7.2347472034328675e-6 1.051242724215717
0.679 7.027009076399082e-6 1.0506715014330321
0.68 6.8184482354682885e-6 1.0501112225922309
0.681 6.609038389115973e-6 1.04956158091471
0.682 6.398768351845163e-6 1.0490222804042684
0.683 6.187633860454955e-6 1.0484930354615227
0.684 5.975639017663514e-6 1.0479735704176452
0.685 5.762793493346852e-6 1.0474636190954145
0.686 5.549112758240771e-6 1.04696292441882
0.687 5.334617205254855e-6 1.0464712381832946
0.6880000000000001 5.1193275612537725e-6 1.045988320489984
0.6890000000000001 4.903271011269528e-6 1.0455139395385566
0.6900000000000001 4.686475845394611e-6 1.0450478711773727
0.6910000000000001 4.468973645754826e-6 1.04458989875326
0.6920000000000001 4.2507895371413085e-6 1.0441398126699573
0.6930000000000001 4.031956556183047e-6 1.043697410268072
0.6940000000000001 3.812504854761034e-6 1.0432624955261602
0.6950000000000001 3.592466366497682e-6 1.0428348787161916
0.6960000000000001 3.371875137492264e-6 1.042414376210258
0.6970000000000001 3.150761964776372e-6 1.0420008103244272
0.6980000000000001 2.92916072575089e-6 1.0415940089514681
0.6990000000000001 2.707102266907846e-6 1.041193805412238
0.7000000000000001 2.4846202004713547e-6 1.0408000382916078
0.7010000000000001 2.261744537712662e-6 1.0404125512061901
0.7020000000000001 2.0385084709140244e-6 1.0400311926102739
0.7030000000000001 1.8149437502334997e-6 1.0396558156911926
0.704 1.5910799436302803e-6 1.0392862779783199
0.705 1.3669477740840819e-6 1.0389224414669227
0.706 1.1425764471773014e-6 1.0385641722653833
0.707 9.179983356255583e-7 1.0382113406109357
0.708 6.932454460484294e-7 1.0378638207222728
0.709 4.6835037270653856e-7 1.0375214904702237
0.71 2.4336328524610096e-7 1.0371842314144777
0.711 1.942090532836005e-8 1.036851928556722
0.712 2.0718378174189311e-7 1.0365244701370906
0.713 4.323633895353396e-7 1.0362017476184635
0.714 6.575980436296369e-7 1.035883655776533
0.715 8.828306166108746e-7 1.0355700923250541
0.716 1.1080283826014892e-6 1.0352609578561358
0.717 1.3331635020930044e-6 1.0349561558719709
0.718 1.5582122913082586e-6 1.0346555926653502
0.719 1.783152196621618e-6 1.0343591771293261
0.72 2.007957825622686e-6 1.0340668208841903
0.721 2.232606030050377e-6 1.0337784378347976
0.722 2.457073067285709e-6 1.0334939442768738
0.723 2.6813371700740163e-6 1.033213258838709
0.724 2.905376272122062e-6 1.0329363023951714
0.725 3.1291694542190385e-6 1.0326629979573363
0.726 3.3526943730155523e-6 1.0323932706266794
0.727 3.5759308408267465e-6 1.0321270475090645
0.728 3.798859435355517e-6 1.031864257662703
0.729 4.0214599763555015e-6 1.031604832023355
0.73 4.243714074148031e-6 1.0313487035283575
0.731 4.465603896330883e-6 1.0310958067558256
0.732 4.68711021084367e-6 1.0308460780783333
0.733 4.90821606285996e-6 1.0305994555091667
0.734 5.128903427076281e-6 1.0303558786872045
0.735 5.3491571807007254e-6 1.0301152888529326
0.736 5.568958866442042e-6 1.0298776287100866
0.737 5.7882920970753204e-6 1.0296428424601665
0.738 6.007140931518773e-6 1.0294108756924274
0.739 6.22548877282636e-6 1.0291816754369951
0.74 6.443323136706702e-6 1.0289551900677645
0.741 6.660625767151984e-6 1.0287313692057072
0.742 6.877386463932655e-6 1.0285101637810614
0.743 7.093589561635305e-6 1.028291525937416
0.744 7.309222069762367e-6 1.0280754090036142
0.745 7.5242702963218555e-6 1.0278617674504815
0.746 7.738722328676229e-6 1.0276505568792678
0.747 7.952566069224787e-6 1.0274417339498463
0.748 8.165788731584467e-6 1.0272352564349299
0.749 8.378377634565837e-6 1.0270310830473532
0.75 8.590321751267282e-6 1.026829173540337
0.751 8.801610345665623e-6 1.0266294886178085
0.752 9.012233435745642e-6 1.0264319898858134
0.753 9.222179279400056e-6 1.0262366399611473
0.754 9.431438669271763e-6 1.0260434024018716
0.755 9.640003535260622e-6 1.025852241494376
0.756 9.847865197754047e-6 1.0256631223583632
0.757 1.0055013670129398e-5 1.02547601092449
0.758 1.026143944765634e-5 1.0252908739101472
0.759 1.0467135140579398e-5 1.025107678797746
0.76 1.0672091777741421e-5 1.0249263938223376
0.761 1.087630094875891e-5 1.0247469879359663
0.762 1.107975482267376e-5 1.0245694307955855
0.763 1.1282448139526835e-5 1.0243936927475281
0.764 1.1484374419723498e-5 1.0242197447966714
0.765 1.1685525671323305e-5 1.0240475585977054
0.766 1.188589679779195e-5 1.023877106435416
0.767 1.2085480171786234e-5 1.0237083612041311
0.768 1.228426890553802e-5 1.023541296393369
0.769 1.2482258712698258e-5 1.0233758860772277
0.77 1.2679443817720237e-5 1.0232121048916138
0.771 1.2875817040181037e-5 1.0230499280203167
0.772 1.3071375892736992e-5 1.0228893311826022
0.773 1.3266116254906368e-5 1.0227302906196207
0.774 1.3460032695311597e-5 1.0225727830767437
0.775 1.3653121220369435e-5 1.0224167857892645
0.776 1.384537979121081e-5 1.022262276475786
0.777 1.4036803368477901e-5 1.0221092333214734
0.778 1.42273891405309e-5 1.0219576349680422
0.779 1.441713321442828e-5 1.0218074604985066
0.78 1.4606032336494934e-5 1.0216586894296196
0.781 1.4794086725278266e-5 1.0215113016989679
0.782 1.4981289353899196e-5 1.0213652776537598
0.783 1.5167639921154219e-5 1.0212205980404911
0.784 1.535313597211818e-5 1.0210772439952112
0.785 1.5537774993190645e-5 1.0209351970338072
0.786 1.5721553516589992e-5 1.020794439043769
0.787 1.5904471903471773e-5 1.0206549522747128
0.788 1.6086529067427247e-5 1.0205167193247835
0.789 1.6267723516649735e-5 1.0203797231358074
0.79 1.6448054769746534e-5 1.0202439469839724
0.791 1.6627526073731413e-5 1.020109374471754
0.792 1.6806133954938574e-5 1.0199759895192115
0.793 1.698387482174102e-5 1.0198437763577284
0.794 1.7160751714595524e-5 1.0197127195227154
0.795 1.733676260012862e-5 1.0195828038424848
0.796 1.751190739524011e-5 1.0194540144343853
0.797 1.7686186102150447e-5 1.0193263366977556
0.798 1.7859599021341488e-5 1.0191997563052946
0.799 1.8032144783020065e-5 1.0190742591982327
0.8 1.820382706196888e-5 1.018949831579087
0.801 1.8374644456142786e-5 1.0188264599059975
0.802 1.854459584732515e-5 1.018704130886452
0.803 1.8713684240334594e-5 1.0185828314706091
0.804 1.888191104398862e-5 1.0184625488486607
0.805 1.904927874984974e-5 1.0183432704402942
0.806 1.9215788985060822e-5 1.0182249838919566
0.807 1.938144376162354e-5 1.0181076770743345
0.808 1.9546243900381288e-5 1.0179913380739691
0.809 1.9710190447719267e-5 1.0178759551901757
0.81 1.9873281561166856e-5 1.017761516930603
0.811 2.003551910756407e-5 1.0176480119992604
0.812 2.0196905226976813e-5 1.0175354292989316
0.8130000000000001 2.0357438597240485e-5 1.0174237579236365
0.8140000000000001 2.0517126364916205e-5 1.0173129871597448
0.8150000000000001 2.0675977194406503e-5 1.0172031064767235
0.8160000000000001 2.0833993345459323e-5 1.0170941055229117
0.8170000000000001 2.0991174376372435e-5 1.0169859741266774
0.8180000000000001 2.114752178200563e-5 1.0168787022841772
0.8190000000000001 2.130303664737987e-5 1.0167722801620953
0.8200000000000001 2.145772155437431e-5 1.0166666980899168
0.8210000000000001 2.161157956592774e-5 1.0165619465596563
0.8220000000000001 2.1764613917230058e-5 1.0164580162211099
0.8230000000000001 2.1916826968337855e-5 1.0163548978775452
0.8240000000000001 2.2068222956916905e-5 1.016252582483497
0.8250000000000001 2.2218804982654383e-5 1.0161510611415425
0.8260000000000001 2.2368575832376614e-5 1.0160503250979034
0.8270000000000001 2.251754047227772e-5 1.0159503657357696
0.8280000000000001 2.266570605119478e-5 1.0158511745832883
0.8290000000000001 2.281307313672931e-5 1.015752743308247
0.8300000000000001 2.295964366394454e-5 1.0156550637063881
0.8310000000000001 2.310542132144544e-5 1.015558127704447
0.8320000000000001 2.325040980893922e-5 1.015461927348847
0.833 2.3394612848115504e-5 1.0153664548155557
0.834 2.353803436205837e-5 1.0152717024000164
0.835 2.3680677640136594e-5 1.0151776625194544
0.836 2.382254698735098e-5 1.0150843277070347
0.837 2.396364659951189e-5 1.0149916906123924
0.838 2.4103981328793544e-5 1.0148997439993206
0.839 2.4243553531255735e-5 1.0148084807328117
0.84 2.4382367707020958e-5 1.014717893792697
0.841 2.4520426225027592e-5 1.0146279762628614
0.842 2.465773182858122e-5 1.0145387213304322
0.843 2.4794292536101104e-5 1.0144501222819897
0.844 2.493011209975249e-5 1.0143621725035952
0.845 2.506519852313316e-5 1.014274865476834
0.846 2.519955343383007e-5 1.0141881947833056
0.847 2.5333180732611815e-5 1.0141021540968522
0.848 2.546608349013324e-5 1.0140167371817421
0.849 2.55982655686382e-5 1.0139319378931695
0.85 2.5729726655043805e-5 1.0138477501820167
0.851 2.586047624353327e-5 1.0137641680687277
0.852 2.5990519105734133e-5 1.0136811856670107
0.853 2.6119859345474783e-5 1.0135987971732325
0.854 2.624850097177056e-5 1.0135169968661886
0.855 2.63764487646867e-5 1.0134357791032818
0.856 2.6503707550307176e-5 1.0133551383208133
0.857 2.6630282224493484e-5 1.0132750690325136
0.858 2.6756176900843975e-5 1.0131955658269682
0.859 2.6881396469002894e-5 1.0131166233674587
0.86 2.700594631888098e-5 1.01303823639033
0.861 2.712983083630327e-5 1.012960399703026
0.862 2.7253053752396283e-5 1.0128831081823644
0.863 2.737561962723456e-5 1.0128063567744898
0.864 2.7497533292286658e-5 1.0127301404931854
0.865 2.7618799130879612e-5 1.0126544544174274
0.866 2.7739421099071127e-5 1.0125792936920985
0.867 2.7859403923968795e-5 1.012504653525959
0.868 2.797875286869589e-5 1.0124305291896398
0.869 2.809747355675407e-5 1.0123569160153731
0.87 2.821556881177356e-5 1.0122838093962707
0.871 2.8333044241268812e-5 1.0122112047904723
0.872 2.844990345279852e-5 1.012139097704954
0.873 2.8566151075992696e-5 1.0120674837084007
0.874 2.8681792065499145e-5 1.01199635842544
0.875 2.8796830885413627e-5 1.0119257175352676
0.876 2.8911272485609985e-5 1.01185555677453
0.877 2.902512123625911e-5 1.0117858719319621
0.878 2.9138381866189444e-5 1.011716658845749
0.879 2.9251058604573554e-5 1.0116479134083523
0.88 2.93631560230323e-5 1.0115796315638603
0.881 2.9474678171215185e-5 1.01151180930435
0.882 2.9585630080930514e-5 1.0114444426708356
0.883 2.969601633312502e-5 1.0113775277527668
0.884 2.9805841711194603e-5 1.0113110606884286
0.885 2.9915110982547954e-5 1.0112450376610223
0.886 3.0023828319514223e-5 1.011179454899783
0.887 3.013199877260897e-5 1.0111143086790335
0.888 3.0239626655048646e-5 1.0110495953176317
0.889 3.0346716533291573e-5 1.010985311178197
0.89 3.045327191419922e-5 1.0109214526648114
0.891 3.055929745554575e-5 1.0108580162251974
0.892 3.066479758428997e-5 1.0107949983484483
0.893 3.076977685301241e-5 1.010732395563673
0.894 3.087424039488473e-5 1.0106702044390687
0.895 3.09781929184183e-5 1.0106084215842577
0.896 3.108163674725439e-5 1.0105470436469415
0.897 3.1184576664511354e-5 1.010486067314652
0.898 3.1287016904302245e-5 1.0104254893109852
0.899 3.1388961513167946e-5 1.0103653063974523
0.9 3.1490415486612466e-5 1.0103055153714071
0.901 3.159138262986971e-5 1.0102461130657676
0.902 3.169186683193992e-5 1.0101870963495876
0.903 3.1791872346753625e-5 1.0101284621257318
0.904 3.189140305626115e-5 1.0100702073316354
0.905 3.199046320806476e-5 1.010012328938583
0.906 3.208905740698098e-5 1.0099548239505078
0.907 3.2187190513732755e-5 1.0098976894040295
0.908 3.228486755557647e-5 1.009840922369513
0.909 3.2382091131766266e-5 1.009784519944065
0.91 3.247886596480232e-5 1.009728479260533
0.911 3.257519572402723e-5 1.0096727974824096
0.912 3.2671083203539286e-5 1.0096174718038187
0.913 3.2766532255201763e-5 1.0095624994483046
0.914 3.286154678905362e-5 1.0095078776694084
0.915 3.295613017428867e-5 1.009453603747994
0.916 3.3050285403291024e-5 1.0093996749947622
0.917 3.3144016600372694e-5 1.009346088744911
0.918 3.323732768523158e-5 1.0092928423642955
0.919 3.333022259716101e-5 1.009239933245781
0.92 3.342270497974642e-5 1.009187358808626
0.921 3.3514778990495486e-5 1.0091351164988283
0.922 3.360644798433565e-5 1.0090832037899722
0.923 3.3697715507097215e-5 1.0090316181818237
0.924 3.378858523572781e-5 1.008980357199683
0.925 3.3879060721664356e-5 1.0089294183919768
0.926 3.3969145099954634e-5 1.0088787993338626
0.927 3.405884200946563e-5 1.0088284976225896
0.928 3.414815586477715e-5 1.0087785108794407
0.929 3.423708975008877e-5 1.0087288367514498
0.93 3.432564554345374e-5 1.0086794729062896
0.931 3.441382817687133e-5 1.0086304170377853
0.932 3.450164132684508e-5 1.0085816668587213
0.933 3.458908696030161e-5 1.0085332201079036
0.934 3.467616786723138e-5 1.008485074546631
0.935 3.476288784387549e-5 1.0084372279552236
0.936 3.484925007318784e-5 1.0083896781369084
0.937 3.493525735187575e-5 1.0083424229151245
0.9380000000000001 3.5020913535022125e-5 1.0082954601349565
0.9390000000000001 3.51062208593933e-5 1.008248787661573
0.9400000000000001 3.519118323475068e-5 1.0082024033797066
0.9410000000000001 3.527580326745383e-5 1.0081563051958524
0.9420000000000001 3.53600840241608e-5 1.0081104910358658
0.9430000000000001 3.544402747424069e-5 1.008064958847101
0.9440000000000001 3.5527638664545336e-5 1.008019706592773
0.9450000000000001 3.561092069925831e-5 1.0079747322597088
0.9460000000000001 3.5693876124676116e-5 1.007930033850809
0.9470000000000001 3.577650735425708e-5 1.0078856093865758
0.9480000000000001 3.585881662365731e-5 1.0078414569080967
0.9490000000000001 3.594080675323186e-5 1.0077975744727339
0.9500000000000001 3.602248072087644e-5 1.0077539601571526
0.9510000000000001 3.6103841386747604e-5 1.0077106120544177
0.9520000000000001 3.618489169865402e-5 1.0076675282755319
0.9530000000000001 3.62656341302281e-5 1.0076247069491544
0.9540000000000001 3.6346071795034796e-5 1.0075821462214085
0.9550000000000001 3.6426207493112095e-5 1.007539844255192
0.9560000000000001 3.650604344385133e-5 1.0074977992283314
0.9570000000000001 3.658558190411387e-5 1.0074560093354883
0.9580000000000001 3.666482545133798e-5 1.0074144727876955
0.9590000000000001 3.674377654810934e-5 1.0073731878125178
0.96 3.6822437778638584e-5 1.0073321526528942
0.961 3.6900811484441576e-5 1.0072913655677724
0.962 3.6978899422501765e-5 1.0072508248313894
0.963 3.705670450981913e-5 1.0072105287322746
0.964 3.71342293814525e-5 1.0071704755743045
0.965 3.721147634760946e-5 1.0071306636767594
0.966 3.7288447976346895e-5 1.0070910913735511
0.967 3.7365146912937686e-5 1.0070517570131503
0.968 3.7441575567565e-5 1.0070126589579398
0.969 3.751773600235708e-5 1.0069737955852283
0.97 3.759363058425391e-5 1.0069351652859537
0.971 3.7669260863293363e-5 1.006896766464742
0.972 3.7744628664460045e-5 1.0068585975400135
0.973 3.781973634864322e-5 1.0068206569438372
0.974 3.789458637759591e-5 1.0067829431224418
0.975 3.796918121901083e-5 1.0067454545340322
0.976 3.8043522979813726e-5 1.0067081896498826
0.977 3.811761395605684e-5 1.0066711469536702
0.978 3.8191455941805064e-5 1.0066343249437824
0.979 3.8265051229224856e-5 1.0065977221304576
0.98 3.833840152561718e-5 1.0065613370352862
0.981 3.8411509028779545e-5 1.0065251681938368
0.982 3.84843756460751e-5 1.006489214153256
0.983 3.85570031644078e-5 1.0064534734719721
0.984 3.862939365173457e-5 1.0064179447215866
0.985 3.870154895735389e-5 1.0063826264853315
0.986 3.8773470959763134e-5 1.0063475173569325
0.987 3.884516149171846e-5 1.0063126159419968
0.988 3.891662251193084e-5 1.0062779208581063
0.989 3.898785570372043e-5 1.0062434307343595
0.99 3.905886283206428e-5 1.006209144211153
0.991 3.91296457777357e-5 1.0061750599388308
0.992 3.920020620445941e-5 1.006141176579035
0.993 3.927054589508705e-5 1.0061074928045608
0.994 3.9340666670495406e-5 1.006074007298692
0.995 3.941057029371864e-5 1.0060407187556821
0.996 3.9480258103075094e-5 1.0060076258797068
0.997 3.9549731783938835e-5 1.005974727385618
0.998 3.9618992528522856e-5 1.005942021998449
0.999 3.9688042686003566e-5 1.0059095084535534
1.0 3.975688378171638e-5 1.0058771854963633
