0.001 0.9999999717750714 3.996131335340568e-7
0.002 0.9999998137516558 2.4579631497912165e-6
0.003 0.999999437817347 7.040773159111483e-6
0.004 0.9999988218884933 1.4118018803123437e-5
0.005 0.9999979627145388 2.3551550884342848e-5
0.006 0.9999968582119558 3.525003992140592e-5
0.007 0.9999955064288215 4.914662311254615e-5
0.008 0.9999939054253091 6.518926481359697e-5
0.009000000000000001 0.9999920532514243 8.333594028651589e-5
0.01 0.9999899479416332 0.00010355185547540536
0.011 0.9999875875132621 0.00012580768955006765
0.012 0.9999849699659548 0.00015007841108290634
0.013000000000000001 0.9999820932813912 0.00017634244212976201
0.014 0.9999789554230516 0.00020458104599097157
0.015 0.9999755543360781 0.00023477786524495937
0.016 0.9999718879470606 0.0002669185648394266
0.017 0.9999679541638565 0.0003009905505880965
0.018000000000000002 0.9999637508754801 0.00033698274322382216
0.019 0.9999592759517699 0.0003748853947063631
0.02 0.9999545272434047 0.0004146899362703043
0.021 0.9999495025815187 0.00045638885224050533
0.022 0.9999441997775798 0.0004999755733939172
0.023 0.9999386166232053 0.0005454443863973825
0.024 0.9999327508898977 0.000592790356356271
0.025 0.9999266003288739 0.0006420092598475795
0.026000000000000002 0.9999201626708492 0.0006930975268123332
0.027 0.9999134356258329 0.0007460521897791841
0.028 0.9999064168828226 0.00080087083941896
0.029 0.9998991041096954 0.0008575515850469774
0.03 0.9998914949529402 0.0009160930198041582
0.031 0.9998835870374048 0.0009764941896731128
0.032 0.999875377966084 0.0010387545657180384
0.033 0.9998668653198777 0.0011028740192258527
0.034 0.9998580466573984 0.0011688527992679044
0.035 0.9998489195146061 0.001236691512727013
0.036000000000000004 0.9998394814047291 0.0013063911057622146
0.037 0.9998297298178968 0.0013779528473402583
0.038 0.9998196622209744 0.0014513783141368308
0.039 0.9998092760572187 0.001526669376933504
0.04 0.999798568746121 0.0016038281879530002
0.041 0.9997875376830309 0.0016828571695490483
0.042 0.9997761802390009 0.0017637590035259007
0.043000000000000003 0.9997644937604511 0.001846536621571269
0.044 0.99975247556897 0.0019311931962716568
0.045 0.9997401229609427 0.002017732133081832
0.046 0.9997274332073719 0.0021061570626569976
0.047 0.9997144035535313 0.0021964718340013807
0.048 0.9997010312187085 0.0022886805079858383
0.049 0.9996873133959221 0.002382787351406978
0.05 0.9996732472516463 0.002478796831456842
0.051000000000000004 0.9996588299254399 0.0025767136107431557
0.052000000000000005 0.9996440585297789 0.002676542542395433
0.053 0.9996289301496019 0.0027782886658898774
0.054 0.9996134418421438 0.0028819572027998347
0.055 0.9995975906365315 0.00298755355315277
0.056 0.9995813735334953 0.0030950832919577095
0.057 0.9995647875050787 0.0032045521658457064
0.058 0.9995478294942979 0.0033159660901207456
0.059000000000000004 0.9995304964147907 0.0034293311460021157
0.06 0.9995127851505287 0.0035446535779766627
0.061 0.9994946925554434 0.0036619397914557975
0.062 0.9994762154531286 0.003781196350511596
0.063 0.9994573506364554 0.003902429975866272
0.064 0.9994380948672497 0.004025647542969026
0.065 0.9994184448759686 0.004150856080187615
0.066 0.9993983973612248 0.0042780627674006
0.067 0.9993779489895799 0.004407274934245806
0.068 0.9993570963950693 0.004538500058925519
0.069 0.9993358361789008 0.004671745766861865
0.07 0.9993141649090036 0.004807019829672928
0.07100000000000001 0.9992920791197014 0.004944330164050942
0.07200000000000001 0.9992695753113418 0.005083684830795458
0.073 0.9992466499498311 0.005225092034077533
0.074 0.9992232994662943 0.0053685601206010045
0.075 0.9991995202566709 0.0055140975789459154
0.076 0.9991753086812939 0.00566171303897769
0.077 0.9991506610644836 0.005811415271333722
0.078 0.9991255736940932 0.0059632131870320584
0.079 0.9991000428211446 0.006117115837005366
0.08 0.9990740646593725 0.006273132411839225
0.081 0.9990476353847756 0.006431272241550275
0.082 0.9990207511351831 0.006591544795386248
0.083 0.9989934080098223 0.006753959681688627
0.084 0.9989656020688291 0.006918526647878087
0.085 0.9989373293328571 0.007085255580350331
0.08600000000000001 0.9989085857825243 0.007254156504654352
0.08700000000000001 0.9988793673579812 0.007425239585529039
0.088 0.9988496699584561 0.007598515127009942
0.089 0.9988194894417616 0.007773993572628408
0.09 0.9987888216237273 0.007951685505764078
0.091 0.998757662277846 0.008131601649738165
0.092 0.998726007134598 0.008313752868366303
0.093 0.9986938518811186 0.00849815016608574
0.094 0.9986611921605073 0.008684804688616985
0.095 0.9986280235713971 0.008873727723276511
0.096 0.9985943416674153 0.009064930699485196
0.097 0.9985601419566327 0.009258425189310372
0.098 0.9985254199009949 0.009454222908057487
0.099 0.9984901709157814 0.009652335714887477
0.1 0.9984543903690668 0.00985277561341776
0.101 0.9984180735810801 0.010055554752506505
0.10200000000000001 0.998381215823685 0.010260685426871682
0.10300000000000001 0.9983438123197674 0.01046818007788209
0.10400000000000001 0.998305858242648 0.010678051294340634
0.105 0.9982673487154435 0.010890311813352826
0.106 0.9982282788105459 0.011104974521052823
0.107 0.9981886435488775 0.0113220524536548
0.108 0.9981484378993285 0.011541558798292214
0.109 0.9981076567781063 0.011763506893984695
0.11 0.9980662950480953 0.01198791023262382
0.111 0.9980243475181362 0.012214782460135921
0.112 0.9979818089424274 0.012444137377328595
0.113 0.9979386740198849 0.012675988940915687
0.114 0.9978949373933524 0.01291035126479683
0.115 0.9978505936489581 0.013147238621146893
0.116 0.9978056373153835 0.013386665441607168
0.117 0.9977600628631802 0.013628646318466322
0.11800000000000001 0.9977138647040322 0.013873196005884195
0.11900000000000001 0.9976670371899936 0.01412032942121562
0.12 0.9976195746127487 0.014370061646317106
0.121 0.997571471202894 0.01462240792878095
0.122 0.9975227211290384 0.014877383683518909
0.123 0.9974733184971937 0.015135004493894606
0.124 0.9974232573498775 0.01539528611329083
0.125 0.9973725316652652 0.01565824446661689
0.126 0.9973211353565068 0.01592389565159097
0.127 0.9972690622708104 0.01619225594043103
0.128 0.9972163061885665 0.0164633417814437
0.129 0.9971628608225788 0.01673716980042577
0.13 0.9971087198171381 0.017013756802448824
0.131 0.9970538767471561 0.017293119773453505
0.132 0.9969983251172716 0.01757527588188525
0.133 0.9969420583610067 0.01786024248024938
0.134 0.9968850698397369 0.01814803710712704
0.135 0.9968273528418465 0.018438677488806288
0.136 0.9967689005817187 0.018732181541160672
0.137 0.9967097061988152 0.019028567371422115
0.138 0.9966497627566862 0.019327853280090304
0.139 0.996589063241945 0.019630057762885206
0.14 0.9965276005633343 0.019935199512572836
0.14100000000000001 0.9964653675506092 0.020243297421116028
0.14200000000000002 0.996402356953628 0.020554370581455844
0.14300000000000002 0.9963385614411787 0.020868438289757044
0.14400000000000002 0.9962739735999577 0.021185520047407064
0.145 0.99620858593353 0.021505635563099396
0.146 0.9961423908610909 0.021828804755144295
0.147 0.9960753807165144 0.02215504775346024
0.148 0.996007547747119 0.022484384901900804
0.149 0.9959388841125242 0.022816836760529625
0.15 0.995869381883484 0.023152424107922957
0.151 0.9957990330407348 0.023491167943451054
0.152 0.9957278294737241 0.023833089489758146
0.153 0.9956557629794253 0.024178210195098564
0.154 0.9955828252610609 0.024526551735873703
0.155 0.9955090079269074 0.024878136019022012
0.156 0.9954343024889042 0.02523298518470145
0.157 0.9953587003614313 0.025591121608772784
0.158 0.9952821928599895 0.025952567905412446
0.159 0.9952047711997359 0.02631734692994573
0.16 0.9951264264942571 0.02668548178135459
0.161 0.9950471497541182 0.02705699580512984
0.162 0.994966931885443 0.027431912596096078
0.163 0.9948857636884944 0.02781025600121327
0.164 0.994803635856198 0.028192050122516518
0.165 0.9947205389726976 0.028577319319982582
0.166 0.9946364635118089 0.02896608821460301
0.167 0.9945513998355755 0.029358381691287752
0.168 0.9944653381925618 0.029754224902172374
0.169 0.9943782687164081 0.030153643269546282
0.17 0.994290181424208 0.030556662489073027
0.171 0.9942010662148428 0.03096330853308306
0.17200000000000001 0.9941109128673108 0.031373607653871934
0.17300000000000001 0.9940197110391534 0.031787586386856345
0.17400000000000002 0.9939274502646117 0.03220527155417073
0.17500000000000002 0.9938341199529255 0.032626690268120616
0.176 0.9937397093866257 0.033051869934569336
0.177 0.9936442077196679 0.03348083825657858
0.178 0.9935476039756647 0.033913623237947825
0.179 0.9934498870459866 0.03435025318695986
0.18 0.993351045687906 0.03479075672004116
0.181 0.9932510685226658 0.03523516276559545
0.182 0.9931499440335517 0.03568350056783246
0.183 0.9930476605638766 0.036135799690713365
0.184 0.9929442063149887 0.036592090021906734
0.185 0.9928395693442155 0.0370524017768406
0.186 0.9927337375628484 0.0375167655027065
0.187 0.9926266987338881 0.037985212082834154
0.188 0.9925184404700084 0.0384577727407657
0.189 0.9924089502313254 0.03893447904462878
0.19 0.9922982153231931 0.03941536291147765
0.191 0.9921862228939063 0.03990045661177756
0.192 0.9920729599324215 0.040389792773899015
0.193 0.9919584132660575 0.040883404388654926
0.194 0.9918425695580073 0.04138132481414088
0.195 0.9917254153050239 0.04188358778030747
0.196 0.9916069368349215 0.04239022739380446
0.197 0.9914871203040153 0.04290127814300303
0.198 0.991365951694707 0.04341677490274694
0.199 0.9912434168127371 0.04393675293967097
0.2 0.9911195012847112 0.04446124791707008
0.201 0.9909941905552166 0.04499029590045408
0.202 0.9908674698843023 0.04552393336254577
0.203 0.9907393243445548 0.046062197188877746
0.20400000000000001 0.9906097388184156 0.04660512468311319
0.20500000000000002 0.9904786979951189 0.047152753572822226
0.20600000000000002 0.9903461863678905 0.047705122015042255
0.20700000000000002 0.9902121882310189 0.04826226860199047
0.20800000000000002 0.9900766876766905 0.04882423236705909
0.209 0.9899396685920278 0.04939105279065454
0.21 0.9898011146558557 0.049962769806349394
0.211 0.9896610093356124 0.050539423806932084
0.212 0.9895193358840078 0.05112105565076113
0.213 0.9893760773357663 0.05170770666808791
0.214 0.9892312165042942 0.0522994186674632
0.215 0.9890847359781735 0.05289623394245796
0.216 0.9889366181177263 0.053498195278273
0.217 0.9887868450514656 0.05410534595853602
0.218 0.9886353986724643 0.05471772977226565
0.219 0.9884822606346846 0.055335391020869984
0.22 0.9883274123492333 0.055958374525336994
0.221 0.9881708349805743 0.05658672563341647
0.222 0.9880125094426098 0.05722049022713552
0.223 0.9878524163946657 0.057859714730395716
0.224 0.9876905362376657 0.05850444611632214
0.225 0.9875268491097987 0.059154731915404594
0.226 0.9873613348824873 0.0598106202232319
0.227 0.9871939731560652 0.06047215970861682
0.228 0.9870247432555269 0.06113939962165904
0.229 0.9868536242260122 0.061812389802273576
0.23 0.986680594828423 0.06249118068853655
0.231 0.9865056335347299 0.06317582332545968
0.232 0.9863287185233809 0.06386636937368219
0.233 0.9861498276745626 0.06456287111838807
0.234 0.9859689385653357 0.06526538147842456
0.23500000000000001 0.9857860284647014 0.0659739540155312
0.23600000000000002 0.9856010743286047 0.0666886429437663
0.23700000000000002 0.9854140527947758 0.06740950313913498
0.23800000000000002 0.9852249401775462 0.06813659014927805
0.23900000000000002 0.9850337124625596 0.06886996020340506
0.24 0.9848403453012291 0.06960967022254584
0.241 0.9846448140053858 0.0703557778295995
0.242 0.9844470935415741 0.07110834135990758
0.243 0.9842471585253133 0.07186741987193267
0.244 0.9840449832152421 0.07263307315811124
0.245 0.9838405415072525 0.07340536175572282
0.246 0.9836338069282515 0.07418434695841906
0.247 0.9834247526302057 0.0749700908272991
0.248 0.9832133513836251 0.07576265620284918
0.249 0.9829995755711909 0.0765621067167308
0.25 0.9827833971812943 0.07736850680372918
0.251 0.9825647878011954 0.07818192171424945
0.252 0.9823437186103379 0.07900241752664629
0.253 0.9821201603732731 0.07983006116014439
0.254 0.9818940834326944 0.08066492038766555
0.255 0.9816654577021152 0.08150706384916347
0.256 0.9814342526585791 0.08235656106499495
0.257 0.9812004373350525 0.08321348244973015
0.258 0.9809639803128012 0.08407789932606775
0.259 0.9807248497135793 0.08494988393905249
0.26 0.9804830131916275 0.08582950947060532
0.261 0.9802384379255288 0.08671685005427711
0.262 0.9799910906098867 0.08761198079035135
0.263 0.9797409374469072 0.08851497776104482
0.264 0.9794879441376991 0.08942591804625828
0.265 0.9792320758735034 0.09034487973935236
0.266 0.9789732973266434 0.09127194196347764
0.267 0.9787115726413245 0.0922071848880817
0.268 0.9784468654243517 0.09315068974563594
0.269 0.9781791387354817 0.09410253884891294
0.27 0.9779083550777056 0.09506281560839563
0.271 0.9776344763872463 0.09603160455013468
0.272 0.9773574640233818 0.09700899133391239
0.273 0.9770772787581917 0.09799506277156393
0.274 0.9767938807656551 0.09898990684652298
0.275 0.9765072296111579 0.09999361273233699
0.276 0.9762172842402567 0.10100627081247955
0.277 0.975924002967524 0.10202797270030968
0.278 0.9756273434648794 0.10305881125965961
0.279 0.9753272627500481 0.10409888062526146
0.28 0.9750237171743495 0.10514827622422851
0.281 0.9747166624105269 0.10620709479750709
0.28200000000000003 0.9744060534402152 0.10727543442197762
0.28300000000000003 0.9740918445411539 0.10835339453294855
0.28400000000000003 0.9737739892740297 0.10944107594718261
0.28500000000000003 0.9734524404692687 0.1105385808860288
0.28600000000000003 0.9731271502133432 0.11164601299937155
0.28700000000000003 0.972798069834798 0.1127634773899946
0.28800000000000003 0.972465149890108 0.11389108063823326
0.289 0.9721283401491012 0.11502893082734318
0.29 0.9717875895800961 0.11617713756933426
0.291 0.9714428463347545 0.1173358120312316
0.292 0.9710940577325442 0.1185050669619923
0.293 0.9707411702449326 0.11968501671978107
0.294 0.9703841294790811 0.12087577730015557
0.295 0.97002288016146 0.12207746636433882
0.296 0.9696573661208532 0.12329020326838268
0.297 0.9692875302708857 0.12451410909315946
0.298 0.9689133145927495 0.12574930667408532
0.299 0.9685346601166843 0.1269959206326755
0.3 0.968151506903815 0.12825407740773903
0.301 0.9677637940270981 0.12952390528773972
0.302 0.967371459552145 0.1308055344434366
0.303 0.966974440517326 0.1320990969618319
0.304 0.9665726729135087 0.13340472688053243
0.305 0.96616609166364 0.13472256022222748
0.306 0.9657546306015583 0.13605273503058318
0.307 0.9653382224501867 0.13739539140696352
0.308 0.9649167987997149 0.13875067154729218
0.309 0.9644902900848061 0.14011871978026214
0.31 0.9640586255615378 0.14149968260610124
0.311 0.9636217332837478 0.14289370873620805
0.312 0.963179540078818 0.14430094913358135
0.313 0.9627319715228245 0.1457215570543697
0.314 0.9622789519153682 0.14715568808975382
0.315 0.9618204042535705 0.14860350020915905
0.316 0.9613562502054678 0.15006515380433758
0.317 0.9608864100830354 0.1515408117341445
0.318 0.9604108028141987 0.1530306393707434
0.319 0.9599293459144881 0.15453480464636957
0.32 0.9594419554578894 0.15605347810122008
0.321 0.9589485460471634 0.15758683293222417
0.322 0.9584490307831546 0.15913504504338363
0.323 0.9579433212335867 0.16069829309677722
0.324 0.9574313274013186 0.16227675856434076
0.325 0.956912957691267 0.1638706257817435
0.326 0.956388118877097 0.16548008200247374
0.327 0.9558567160667935 0.16710531745360932
0.328 0.9553186526676196 0.16874652539261792
0.329 0.9547738303498852 0.1704039021657334
0.33 0.9542221490101876 0.17207764726714336
0.331 0.953663506733679 0.17376796339959913
0.332 0.9530977997553506 0.1754750565364789
0.333 0.9525249224203167 0.17719913598520437
0.334 0.9519447671433577 0.1789404144517736
0.335 0.9513572243671793 0.18069910810715054
0.336 0.9507621825198999 0.18247543665444174
0.337 0.9501595279712959 0.18426962339853234
0.338 0.9495491449881341 0.18608189531643973
0.339 0.9489309156881268 0.18791248312980055
0.34 0.9483047199930934 0.18976162137836086
0.341 0.947670435580747 0.191629548495524
0.342 0.947027937835389 0.19351650688521793
0.343 0.9463770997971984 0.19542274300084292
0.34400000000000003 0.9457177921105697 0.1973485074255316
0.34500000000000003 0.9450498829705791 0.19929405495506322
0.34600000000000003 0.9443732380688025 0.20125964468139984
0.34700000000000003 0.9436877205373797 0.2032455400786064
0.34800000000000003 0.9429931908916489 0.2052520090909996
0.34900000000000003 0.9422895069715271 0.20727932422272477
0.35000000000000003 0.9415765238811177 0.20932776262973882
0.35100000000000003 0.9408540939271295 0.21139760621337964
0.352 0.9401220665554632 0.21348914171632005
0.353 0.9393802882860854 0.21560266082093857
0.354 0.938628602646809 0.21773846024874827
0.355 0.9378668501047582 0.21989684186303957
0.356 0.9370948679963079 0.22207811277349696
0.357 0.9363124904551317 0.22428258544328913
0.358 0.935519548338532 0.2265105777980668
0.359 0.9347158691519348 0.2287624133374202
0.36 0.933901276971276 0.23103842124903587
0.361 0.9330755923634197 0.23333893652499474
0.362 0.9322386323045292 0.23566430008093414
0.363 0.9313902100962249 0.23801485887765378
0.364 0.9305301352797166 0.24039096604517876
0.365 0.9296582135476839 0.2427929810095431
0.366 0.9287742466537404 0.2452212696224526
0.367 0.9278780323196225 0.24767620429348491
0.368 0.9269693641400654 0.2501581641250427
0.369 0.9260480314847981 0.2526675350507461
0.37 0.9251138193984136 0.2552047099758358
0.371 0.9241665084976216 0.25777008892080133
0.372 0.9232058748653077 0.260364079168458
0.373 0.9222316899423428 0.26298709541345494
0.374 0.9212437204163826 0.2656395599149763
0.375 0.9202417281076944 0.26832190265252603
0.376 0.9192254698517871 0.2710345614852856
0.377 0.9181946973791949 0.27377798231425365
0.378 0.9171491571925864 0.2765526192466802
0.379 0.9160885904397504 0.2793589347652761
0.38 0.9150127327835705 0.28219739989999926
0.381 0.9139213142691223 0.28506849440222537
0.382 0.91281405918638 0.28797270692375454
0.383 0.911690685930202 0.29091053519754584
0.384 0.9105509068560275 0.293882486222873
0.385 0.9093944281318647 0.2968890764536462
0.386 0.9082209495867389 0.2999308319891921
0.387 0.9070301645552282 0.30300828876855274
0.388 0.905821759717367 0.3061219927687644
0.389 0.9045954149351609 0.30927250020508223
0.39 0.9033508030839394 0.31246037773637014
0.391 0.9020875898801857 0.315686202671463
0.392 0.9008054337047764 0.31895056317933496
0.393 0.8995039854212336 0.3222540585025527
0.394 0.8981828881900189 0.3255972991725914
0.395 0.8968417772771925 0.3289809072301383
0.396 0.8954802798591076 0.3324055164456191
0.397 0.8940980148216727 0.3358717725433549
0.398 0.8926945925546163 0.33938033342837814
0.399 0.8912696147407332 0.34293186941512865
0.4 0.8898226741399684 0.3465270634574504
0.401 0.8883533543677701 0.35016661138190425
0.402 0.8868612296680971 0.35385122212230136
0.403 0.8853458646815524 0.3575816179542923
0.404 0.8838068142070414 0.3613585347320905
0.405 0.8822436229582654 0.3651827221256978
0.406 0.8806558253139775 0.3690549438586171
0.40700000000000003 0.8790429450634026 0.3729759779439547
0.40800000000000003 0.8774044951440344 0.37694661692329773
0.40900000000000003 0.8757399773750816 0.38096766810153704
0.41000000000000003 0.874048882184481 0.3850399537808396
0.41100000000000003 0.8723306883292398 0.38916431149343844
0.41200000000000003 0.8705848626103647 0.39334159423099807
0.41300000000000003 0.8688108595815954 0.39757267067015134
0.41400000000000003 0.8670081212510727 0.4018584253956901
0.41500000000000004 0.865176076778009 0.4061997591167758
0.41600000000000004 0.8633141421628755 0.4105975888782762
0.417 0.8614217199316844 0.4150528482645422
0.418 0.8594981988132807 0.41956648759676307
0.419 0.8575429534120387 0.4241394741195075
0.42 0.8555553438739368 0.42877279217844677
0.421 0.8535347155475005 0.43346744338514986
0.422 0.8514803986388458 0.43822444676985833
0.423 0.8493917078612175 0.443044838919585
0.424 0.847267942078811 0.4479296741004192
0.425 0.8451083839475557 0.45288002435983
0.426 0.8429122995504683 0.45789697960965986
0.427 0.8406789380270488 0.4629816476898133
0.428 0.8384075312017883 0.46813515440344416
0.429 0.8360972932078188 0.4733586435262389
0.43 0.833747420107634 0.4786532767878437
0.431 0.8313570895122367 0.4840202338193295
0.432 0.8289254601983543 0.48946071206499653
0.433 0.8264516717232678 0.49497592665907564
0.434 0.8239348440434003 0.5005671102533411
0.435 0.8213740771300747 0.5062355128047661
0.436 0.81876845058875 0.5119824013108688
0.437 0.8161170232820428 0.517809059488399
0.438 0.8134188329556146 0.5237167873971093
0.439 0.8106728958707212 0.5297069009962045
0.44 0.807878206443331 0.5357807316327138
0.441 0.8050337368908662 0.541939625457292
0.442 0.8021384368924778 0.548184942753463
0.443 0.7991912332598479 0.5545180571830154
0.444 0.7961910296226737 0.5609403549371684
0.445 0.7931367061328256 0.5674532337840007
0.446 0.7900271191883788 0.574058102005302
0.447 0.7868611011767882 0.5807563772209934
0.448 0.7836374602478967 0.5875494850807286
0.449 0.7803549801153526 0.5944388578222827
0.45 0.7770124198894558 0.6014259326838688
0.451 0.7736085139477731 0.6085121501590212
0.452 0.7701419718461948 0.6156989520854597
0.453 0.7666114782766718 0.6229877795530677
0.454 0.7630156930748153 0.6303800706210851
0.455 0.7593532512853097 0.6378772578295016
0.456 0.7556227632884769 0.6454807654929109
0.457 0.7518228149971062 0.6531920067588927
0.458 0.7479519681276044 0.6610123804231284
0.459 0.7440087605538865 0.6689432674772734
0.46 0.739991706755279 0.676986027376557
0.461 0.7358992983588517 0.685141994011929
0.462 0.7317300047970531 0.6934124713648674
0.463 0.7274822740802199 0.7017987288276153
0.464 0.7231545336993801 0.7103019961722151
0.465 0.7187451916719025 0.718923458144895
0.466 0.714252637737275 0.7276642486689443
0.467 0.7096752447204562 0.7365254446343743
0.468 0.7050113700779781 0.7455080592459806
0.46900000000000003 0.7002593576345217 0.7546130349178345
0.47000000000000003 0.6954175395301617 0.763841235693275
0.47100000000000003 0.6904842383974046 0.7731934391612314
0.47200000000000003 0.6854577697781906 0.7826703278491756
0.47300000000000003 0.6803364448055932 0.7922724800768068
0.47400000000000003 0.6751185731706044 0.8020003602422444
0.47500000000000003 0.6698024663843003 0.8118543085265731
0.47600000000000003 0.6643864413720797 0.8218345299931124
0.47700000000000004 0.6588688244118952 0.8319410830665749
0.47800000000000004 0.6532479554388899 0.8421738673800088
0.47900000000000004 0.6475221927446551 0.8525326109693527
0.48 0.6416899181034641 0.8630168568004052
0.481 0.6357495423341228 0.8736259486384367
0.482 0.6296995113381583 0.8843590162396908
0.483 0.6235383126368609 0.8952149598667744
0.484 0.617264482437917 0.9061924341368305
0.485 0.6108766132481219 0.9172898312182467
0.486 0.6043733620818789 0.928505263373563
0.487 0.5977534592681036 0.939836544903659
0.488 0.5910157178966224 0.9512811734939878
0.489 0.5841590439318716 0.962836311023279
0.49 0.5771824470160173 0.974498763880485
0.491 0.5700850519833043 0.9862649628508046
0.492 0.5628661111020123 0.9981309426536223
0.493 0.5555250170723833 1.0100923212164377
0.494 0.5480613167891448 1.0221442787826482
0.495 0.5404747258806611 1.0342815369747087
0.496 0.5327651440243535 1.04649833794769
0.497 0.5249326706675659 1.0587884242382193
0.498 0.5169776221220685 1.0711450182761655
0.499 0.5089005501045384 1.0835608017428828
0.5 0.5007022587713686 1.0960278983262755
0.501 0.4923838250553284 1.1085378545264482
0.502 0.483946617340961 1.1210816244424706
0.503 0.4753923159289357 1.1336495545171674
0.504 0.46672293389864994 1.1462313705471843
0.505 0.4579408384753036 1.1588161669124706
0.506 0.44904877218467487 1.1713923981549366
0.507 0.4400498745480126 1.1839478736336269
0.508 0.4309477036351216 1.1964697550466026
0.509 0.4217462575005674 1.208944557779871
0.51 0.41244999393914167 1.2213581574769485
0.511 0.4030638536784088 1.2336957963080757
0.512 0.3935932778233851 1.245942099736594
0.513 0.38404422566166885 1.258081095882995
0.514 0.3744231917736454 1.2700962398652318
0.515 0.36473722101293166 1.2819704437956496
0.516 0.35499391947398246 1.2936861146287844
0.517 0.3452014640686322 1.3052251974331632
0.518 0.3353686081900854 1.316569224788875
0.519 0.3255046833326704 1.3276993734400857
0.52 0.31561959642913656 1.3385965277231016
0.521 0.30572382187851366 1.3492413499725724
0.522 0.295828387772457 1.3596143576966513
0.523 0.2859448560401692 1.3696960079751193
0.524 0.27608529512366003 1.3794667874628879
0.525 0.2662622453973375 1.3889073092666948
0.526 0.2564886760740475 1.3979984149227198
0.527 0.24677793374342916 1.4067212817141572
0.528 0.23714368186898038 1.4150575344144063
0.529 0.2275998308566366 1.4229893601542642
0.53 0.21816045892379798 1.4304996258589602
0.531 0.20883972391111205 1.4375719974292311
0.532 0.19965176632855114 1.4441910588857283
0.533 0.19061060449611422 1.4503424305549706
0.534 0.18173002285265433 1.456012884933721
0.535 0.17302345484654935 1.461190458757687
0.536 0.1645038622325371 1.465864559874803
0.537 0.15618361289807642 1.4700260674345391
0.538 0.14807435969985633 1.4736674239749579
0.539 0.1401869230065847 1.4767827180115582
0.54 0.13253117982421037 1.479367755795335
0.541 0.1251159624016751 1.4814201210003028
0.542 0.11794896916351039 1.4829392212655517
0.543 0.1110366905586434 1.483926320632725
0.544 0.10438435206197294 1.4843845571181895
0.545 0.0979958760644335 1.4843189448520089
0.546 0.09187386378078888 1.4837363604399125
0.547 0.08601959762705447 1.4826455134320136
0.548 0.08043306380952009 1.4810569010203036
0.549 0.07511299417189371 1.4789827473288546
0.55 0.07005692570848371 1.4764369278968954
0.551 0.0652612756102432 1.4734348801836825
0.552 0.0607214292944353 1.469993501137267
0.553 0.05643183859731282 1.4661310330634791
0.554 0.05238612718680202 1.4618669392014665
0.555 0.048577200272068355 1.4572217705533799
0.556 0.044997355833561015 1.4522170256258842
0.557 0.04163839484647519 1.4468750048216283
0.558 0.03849172829634273 1.441218661264383
0.559 0.03554847914322096 1.4352714498290573
0.56 0.032799577800164126 1.4290571761622897
0.561 0.0302358500579214 1.4225998473894106
0.562 0.027848096756514396 1.4159235261329175
0.5630000000000001 0.025627164829342408 1.4090521893487413
0.5640000000000001 0.02356400962315819 1.4020095933639027
0.5650000000000001 0.021649748632313504 1.3948191463316706
0.5660000000000001 0.019875706967186213 1.3875037891653956
0.5670000000000001 0.018233455014669275 1.3800858858321576
0.5680000000000001 0.01671483884493785 1.3725871237066898
0.5690000000000001 0.015312003979133959 1.3650284245062927
0.5700000000000001 0.014017413162379866 1.357429866147372
0.5710000000000001 0.012823858792964216 1.3498106156943601
0.5720000000000001 0.011724470645769702 1.3421888734078997
0.5730000000000001 0.010712719501848544 1.3345818277520576
0.5740000000000001 0.009782417260528309 1.3270056210822399
0.5750000000000001 0.00892771406713 1.3194753256176086
0.5760000000000001 0.008143092945314234 1.3120049291978428
0.577 0.0074233623761827405 1.304607330238523
0.578 0.00676364721896916 1.2972943412301023
0.579 0.006159378324553821 1.2900767000735625
0.58 0.005606281150160597 1.2829640885096028
0.581 0.005100363644193862 1.2759651568765302
0.582 0.0046379036336615664 1.269087554424741
0.583 0.004215435913507037 1.2623379644212747
0.584 0.0038297392071209857 1.255722143292303
0.585 0.0034778231405284687 1.2492449630775573
0.586 0.0031569153488222867 1.242910456503037
0.587 0.0028644488120883604 1.2367218640180633
0.588 0.0025980494997603354 1.2306816821866038
0.589 0.0023555243858705555 1.2247917128701962
0.59 0.0021348498836074037 1.219053112690987
0.591 0.0019341607355579105 1.2134664423129031
0.592 0.001751739385202844 1.2080317151322326
0.593 0.001586005846683891 1.2027484450184642
0.594 0.0014355080819848376 1.1976156928002863
0.595 0.0012989128878126976 1.1926321112150784
0.596 0.0011749972913076001 1.187795988145869
0.597 0.0010626404458529692 1.1831052879308848
0.598 0.0009608160176758918 1.1785576906314184
0.599 0.0008685850492857194 1.1741506291553716
0.6 0.0007850892840550183 1.1698813241704222
0.601 0.0007095449340399074 1.1657468167709024
0.602 0.0006412368715177919 1.1617439988875677
0.603 0.0005795132233492595 1.1578696414540617
0.604 0.0005237803456806245 1.1541204203615139
0.605 0.00047349815530217665 1.1504929402528872
0.606 0.00042817579271198225 1.1469837562193372
0.607 0.00038736758831653395 1.143589393474768
0.608 0.00035066930367128046 1.14030636509416
0.609 0.0003177146162537947 1.1371311879077493
0.61 0.0002881718114364218 1.1340603966477405
0.611 0.0002617406457587901 1.1310905564492202
0.612 0.00023814934302818225 1.1282182738077646
0.613 0.0002171516862256584 1.1254402060979245
0.614 0.00019852417428456448 1.1227530697550054
0.615 0.00018206322513986128 1.1201536472222609
0.616 0.00016758242821141023 1.1176387927624052
0.617 0.00015490988072958123 1.1152054372298625
0.618 0.00014388567994788604 1.1128505918978109
0.619 0.00013435968077740723 1.110571351423022
0.62 0.00012618965160288154 1.1083648960402668
0.621 0.00011923995738977178 1.106228493065179
0.622 0.0001133808562007177 1.104159497774646
0.623 0.0001084884164968547 1.1021553537469366
0.624 0.00010444496470235487 1.1002135926942078
0.625 0.00010113988696230924 1.0983318339044483
0.626 9.847055932443727e-5 1.0965077833215764
0.627 9.634318613005455e-5 1.0947392322575116
0.628 9.467337935864517e-5 1.0930240558722413
0.629 9.338638972045121e-5 1.091360211466382
0.63 9.241697519485337e-5 1.0897457365365588
0.631 9.170895552368385e-5 1.0881787466980526
0.632 9.121453189042672e-5 1.086657433489341
0.633 9.089346103857698e-5 1.0851800620868637
0.634 9.071216524780823e-5 1.083744968955281
0.635 9.064284159515656e-5 1.0823505594550165
0.636 9.066261685991561e-5 1.0809953054345212
0.637 9.075277401687787e-5 1.0796777427911195
0.638 9.089806649809073e-5 1.078396469087476
0.639 9.108612017433293e-5 1.077150141256818
0.64 9.130692704312215e-5 1.0759374729225757
0.641 9.155241141950432e-5 1.0747572323544115
0.642 9.181607357089394e-5 1.0736082401506923
0.643 9.209269343829485e-5 1.0724893670162623
0.644 9.237808729944952e-5 1.0713995316230627
0.645 9.266890785025739e-5 1.0703376985641335
0.646 9.296248040729926e-5 1.0693028761502912
0.647 9.325667404208593e-5 1.0682941146759513
0.648 9.354979303288768e-5 1.0673105043732756
0.649 9.384049280086737e-5 1.0663511737712048
0.65 9.4127709357128e-5 1.0654152878090493
0.651 9.441060370357635e-5 1.064502046246
0.652 9.468851739358186e-5 1.0636106820733737
0.653 9.496093710320563e-5 1.0627404599041996
0.654 9.522746415802086e-5 1.0618906745858385
0.655 9.548779304169308e-5 1.0610606497900732
0.656 9.574169116299824e-5 1.0602497366593706
0.657 9.598898519624921e-5 1.0594573125808986
0.658 9.622954875043721e-5 1.058682779982743
0.659 9.646329420470723e-5 1.057925564985639
0.66 9.66901634263384e-5 1.057185116584626
0.661 9.691012209900318e-5 1.0564609054747987
0.662 9.712315339377442e-5 1.0557524230537576
0.663 9.732925880956422e-5 1.055059180517751
0.664 9.752844984006748e-5 1.054380707896994
0.665 9.772074800135089e-5 1.0537165532424582
0.666 9.790618216387603e-5 1.0530662818641512
0.667 9.808478796657916e-5 1.0524294754586914
0.668 9.825660467721598e-5 1.05180573149435
0.669 9.842167610457642e-5 1.0511946624373174
0.67 9.858005076368581e-5 1.0505958951204792
0.671 9.873177627273133e-5 1.050009070147009
0.672 9.88769025953018e-5 1.049433841126652
0.673 9.901547989160653e-5 1.0488698742880307
0.674 9.914756305140493e-5 1.048316847966184
0.675 9.927320490532576e-5 1.04777445191578
0.676 9.93924593732376e-5 1.047242386951956
0.677 9.95053808569013e-5 1.0467203644668752
0.678 9.96120251575694e-5 1.0462081059892399
0.679 9.971244644352284e-5 1.0457053426041838
0.68 9.980669983666868e-5 1.0452118144393614
0.681 9.98948403551636e-5 1.044727270858045
0.682 9.997692331364938e-5 1.0442514698691743
0.683 0.00010005300411819462 1.0437841776044314
0.684 0.00010012313609258916 1.0433251681095952
0.685 0.00010018737509559505 1.042874222992172
0.686 0.00010024577525585832 1.0424311310582939
0.687 0.00010029839051228784 1.041995688151597
0.6880000000000001 0.00010034527541741278 1.0415676967172744
0.6890000000000001 0.00010038648413279727 1.0411469657592662
0.6900000000000001 0.00010042207040084072 1.0407333104348115
0.6910000000000001 0.00010045208707187836 1.040326551973387
0.6920000000000001 0.00010047658784562152 1.0399265172155447
0.6930000000000001 0.00010049562565334069 1.0395330385722705
0.6940000000000001 0.00010050925286747558 1.0391459536966485
0.6950000000000001 0.00010051752099848876 1.0387651053414337
0.6960000000000001 0.00010052048187120244 1.0383903412718793
0.6970000000000001 0.00010051818701428683 1.0380215141244769
0.6980000000000001 0.0001005106876877937 1.0376584809121263
0.6990000000000001 0.00010049803488698661 1.0373011030757686
0.7000000000000001 0.00010048027932491044 1.0369492463297132
0.7010000000000001 0.00010045747170150943 1.0366027803911073
0.7020000000000001 0.00010042966218476446 1.0362615790852685
0.7030000000000001 0.00010039690104579613 1.0359255199457238
0.704 0.00010035923740686625 1.0355944841753963
0.705 0.00010031672074067854 1.0352683565280807
0.706 0.0001002693997313453 1.0349470251447315
0.707 0.00010021732258685967 1.0346303813988016
0.708 0.0001001605377954351 1.0343183200435662
0.709 0.00010009909401859085 1.034010738876338
0.71 0.00010003303845895761 1.0337075386436227
0.711 9.996241862375577e-5 1.0334086227507104
0.712 9.98872811560636e-5 1.0331138976624
0.713 9.980767317913086e-5 1.0328232724204593
0.714 9.972364133803424e-5 1.032536658652863
0.715 9.963523292993992e-5 1.0322539704119607
0.716 9.954249396310066e-5 1.0319751243003317
0.717 9.944546936024867e-5 1.0317000391022086
0.718 9.934420756441131e-5 1.0314286359559108
0.719 9.923875169493002e-5 1.0311608381585584
0.72 9.912914456733368e-5 1.030896571069676
0.721 9.901543323159734e-5 1.030635762105501
0.722 9.889766166726321e-5 1.0303783406447897
0.723 9.877587374390595e-5 1.0301242379686022
0.724 9.86501136716611e-5 1.029873387241589
0.725 9.852042605856814e-5 1.0296257234063222
0.726 9.83868540781474e-5 1.0293811831505897
0.727 9.824943805736286e-5 1.0291397048510333
0.728 9.810822223554894e-5 1.0289012285183277
0.729 9.79632495435312e-5 1.0286656957317424
0.73 9.781456349228224e-5 1.0284330496031475
0.731 9.766220425688754e-5 1.0282032347233303
0.732 9.750621346682475e-5 1.0279761971370447
0.733 9.734663391919307e-5 1.0277518842561946
0.734 9.718350791859676e-5 1.0275302448624422
0.735 9.701687631902267e-5 1.0273112290213606
0.736 9.684678008453629e-5 1.027094788066578
0.737 9.667326001039367e-5 1.026880874573944
0.738 9.649635792297051e-5 1.0266694422992573
0.739 9.631611296362363e-5 1.0264604461582165
0.74 9.613256411000748e-5 1.02625384218422
0.741 9.594575133570205e-5 1.0260495874982316
0.742 9.57557146653576e-5 1.0258476402309173
0.743 9.556249312137055e-5 1.0256479595620895
0.744 9.536612577698556e-5 1.0254505056520802
0.745 9.516665202141672e-5 1.0252552395454146
0.746 9.496411097120738e-5 1.0250621234274204
0.747 9.47585406966267e-5 1.024871120384995
0.748 9.454998016422689e-5 1.0246821942791862
0.749 9.433846596329509e-5 1.0244953097846583
0.75 9.41240359551565e-5 1.0243104324532668
0.751 9.390672817416457e-5 1.0241275285017668
0.752 9.368657987929296e-5 1.0239465652548168
0.753 9.346362787621132e-5 1.0237675106477435
0.754 9.323790882559413e-5 1.0235903333065226
0.755 9.300945942319894e-5 1.0234150025832658
0.756 9.277831799942016e-5 1.0232414885385064
0.757 9.254452014856307e-5 1.0230697619024753
0.758 9.230810037641479e-5 1.0228997940742381
0.759 9.206909275022435e-5 1.0227315570891005
0.76 9.182753570496915e-5 1.0225650236189894
0.761 9.158346545956597e-5 1.022400166942358
0.762 9.133691713480996e-5 1.022236960932844
0.763 9.108792619838546e-5 1.0220753800434448
0.764 9.083652937236231e-5 1.0219153992823742
0.765 9.058275856305142e-5 1.0217569942073979
0.766 9.032664889441211e-5 1.0216001409087694
0.767 9.006823519980278e-5 1.0214448159980454
0.768 8.980755467974388e-5 1.021290996577233
0.769 8.954463832711035e-5 1.021138660245985
0.77 8.927952061732469e-5 1.0209877850787474
0.771 8.901223581819773e-5 1.0208383496180278
0.772 8.8742816458931e-5 1.020690332851976
0.773 8.847129757766359e-5 1.020543714218427
0.774 8.819771059825898e-5 1.0203984735717573
0.775 8.792208862473672e-5 1.0202545911888543
0.776 8.764446388576097e-5 1.0201120477550223
0.777 8.736486883714756e-5 1.0199708243506664
0.778 8.708333616491704e-5 1.0198309024411074
0.779 8.679989817755862e-5 1.0196922638679091
0.78 8.651458725789096e-5 1.0195548908415615
0.781 8.622743505282138e-5 1.0194187659294862
0.782 8.593847317561742e-5 1.0192838720235813
0.783 8.564773211133803e-5 1.0191501923663386
0.784 8.535524420932861e-5 1.0190177105671367
0.785 8.506104048899843e-5 1.018886410539263
0.786 8.476515132077589e-5 1.0187562765053233
0.787 8.446760764291295e-5 1.0186272929966127
0.788 8.416843976422062e-5 1.0184994448419045
0.789 8.386767788004512e-5 1.0183727171634345
0.79 8.356535141690324e-5 1.0182470953646545
0.791 8.326149001225414e-5 1.0181225651269865
0.792 8.295612458858459e-5 1.0179991124108045
0.793 8.264928437207164e-5 1.0178767234348418
0.794 8.234099991272226e-5 1.0177553846678182
0.795 8.203130138079162e-5 1.0176350828440743
0.796 8.172021730884493e-5 1.0175158049452067
0.797 8.140777624981999e-5 1.0173975381845388
0.798 8.10940069420063e-5 1.017280270007049
0.799 8.077893833030592e-5 1.0171639880943664
0.8 8.046259828919933e-5 1.0170486803511123
0.801 8.014501534847618e-5 1.0169343348978819
0.802 7.982621634916587e-5 1.01682094006738
0.803 7.950623002722645e-5 1.0167084844021963
0.804 7.918508401039137e-5 1.0165969566469022
0.805 7.88628054313456e-5 1.0164863457491786
0.806 7.853942078078768e-5 1.0163766408446844
0.807 7.821495704884995e-5 1.0162678312627544
0.808 7.788944034986534e-5 1.0161599065172544
0.809 7.756289879934375e-5 1.0160528563054936
0.81 7.723535929332614e-5 1.0159466704977722
0.811 7.690684834560368e-5 1.015841339143759
0.812 7.657739175315204e-5 1.0157368524612227
0.8130000000000001 7.624701541431023e-5 1.0156332008289801
0.8140000000000001 7.591574605525508e-5 1.0155303747889706
0.8150000000000001 7.558360907622408e-5 1.0154283650410907
0.8160000000000001 7.525062987751019e-5 1.0153271624408895
0.8170000000000001 7.491683364319046e-5 1.0152267579951135
0.8180000000000001 7.458224413170456e-5 1.0151271428569366
0.8190000000000001 7.424688699764204e-5 1.0150283083263045
0.8200000000000001 7.391078754220848e-5 1.0149302458440157
0.8210000000000001 7.357397105961505e-5 1.0148329469904924
0.8220000000000001 7.323646092760594e-5 1.0147364034817983
0.8230000000000001 7.289828035433876e-5 1.0146406071671608
0.8240000000000001 7.255945420936438e-5 1.0145455500222706
0.8250000000000001 7.222000566525777e-5 1.0144512241521964
0.8260000000000001 7.187995905116873e-5 1.0143576217848198
0.8270000000000001 7.153933869680218e-5 1.0142647352684528
0.8280000000000001 7.119816772477305e-5 1.0141725570811042
0.8290000000000001 7.085646900406584e-5 1.0140810798031075
0.8300000000000001 7.051426453374976e-5 1.0139902961345053
0.8310000000000001 7.017157687588815e-5 1.0139001988893015
0.8320000000000001 6.982842778224807e-5 1.0138107809964674
0.833 6.948483917174064e-5 1.013722035483861
0.834 6.91408341316202e-5 1.0136339554834248
0.835 6.879643390261814e-5 1.0135465342294083
0.836 6.845166017205306e-5 1.013459765059407
0.837 6.81065345163323e-5 1.0133736414109058
0.838 6.776107838074585e-5 1.013288156822983
0.839 6.741531268733558e-5 1.013203304922749
0.84 6.706926030858318e-5 1.0131190794400187
0.841 6.672294154197456e-5 1.0130354741857963
0.842 6.637637765627424e-5 1.012952483064856
0.843 6.602958589208008e-5 1.0128701000681768
0.844 6.568258673922411e-5 1.0127883192685834
0.845 6.533539989761472e-5 1.012707134830384
0.846 6.498804449639461e-5 1.012626540994592
0.847 6.464054071614322e-5 1.0125465320840503
0.848 6.429290868481541e-5 1.0124671025009397
0.849 6.394516812557871e-5 1.0123882467274943
0.85 6.359733798005918e-5 1.0123099593218226
0.851 6.324943644919756e-5 1.0122322349190744
0.852 6.290148297022347e-5 1.0121550682275082
0.853 6.255349537365174e-5 1.012078454022888
0.854 6.220549252577978e-5 1.0120023871553387
0.855 6.18574922454651e-5 1.01192686254536
0.856 6.150951191602472e-5 1.011851875179657
0.857 6.116156901209147e-5 1.0117774201116612
0.858 6.081368151489297e-5 1.0117034924610875
0.859 6.046586654784303e-5 1.011630087413213
0.86 6.011814157141915e-5 1.0115572002168598
0.861 5.977052228706148e-5 1.0114848261824994
0.862 5.9423025192739676e-5 1.0114129606856128
0.863 5.907566657392671e-5 1.0113415991549302
0.864 5.872846368659701e-5 1.0112707370774021
0.865 5.83814324660592e-5 1.0112003699998164
0.866 5.8034588962918576e-5 1.011130493526167
0.867 5.7687948826323776e-5 1.011061103316398
0.868 5.734152494990541e-5 1.0109921950778253
0.869 5.6995334070886194e-5 1.0109237645844282
0.87 5.6649392459529047e-5 1.0108558076632257
0.871 5.630371459997008e-5 1.0107883201863856
0.872 5.595831436294718e-5 1.010721298076066
0.873 5.561320662278435e-5 1.0106547373072867
0.874 5.52684065694975e-5 1.0105886339002228
0.875 5.492392825157122e-5 1.0105229839211833
0.876 5.457978621598025e-5 1.0104577834941049
0.877 5.423599501086507e-5 1.010393028783656
0.878 5.389256751536786e-5 1.0103287160035324
0.879 5.3549517179452e-5 1.0102648414159305
0.88 5.3206856971688143e-5 1.0102014013223646
0.881 5.28646005363842e-5 1.0101383920688694
0.882 5.25227605716605e-5 1.0100758100414355
0.883 5.218135094070542e-5 1.0100136516769147
0.884 5.1840383867851614e-5 1.009951913438846
0.885 5.1499870426963135e-5 1.0098905918396501
0.886 5.115982192244184e-5 1.0098296834347238
0.887 5.082025330022111e-5 1.0097691848160832
0.888 5.0481176179451026e-5 1.0097090926178658
0.889 5.014260154451167e-5 1.0096494035135957
0.89 4.980454001385359e-5 1.0095901142116297
0.891 4.946700345392907e-5 1.0095312214578802
0.892 4.913000296047354e-5 1.0094727220355963
0.893 4.879354973691408e-5 1.0094146127622028
0.894 4.845765442379468e-5 1.009356890491526
0.895 4.812232837714259e-5 1.0092995521108805
0.896 4.778758219270429e-5 1.0092425945427204
0.897 4.7453425592647314e-5 1.009186014741806
0.898 4.711986838257243e-5 1.009129809699874
0.899 4.6786921124863934e-5 1.0090739764388468
0.9 4.645459286628517e-5 1.0090185120130635
0.901 4.612289283173476e-5 1.008963413508328
0.902 4.579183102859652e-5 1.0089086780405019
0.903 4.546141832584283e-5 1.0088543027571364
0.904 4.5131663979736114e-5 1.0088002848375948
0.905 4.4802574974689424e-5 1.008746621489564
0.906 4.447416138558813e-5 1.008693309953021
0.907 4.414643207606428e-5 1.0086403474904762
0.908 4.381939547298819e-5 1.0085877313981708
0.909 4.349305950929194e-5 1.0085354589974524
0.91 4.316743317528404e-5 1.0084835276382975
0.911 4.284252490022178e-5 1.0084319346996322
0.912 4.251834266183474e-5 1.0083806775866395
0.913 4.2194894476377254e-5 1.0083297537220475
0.914 4.187218859064146e-5 1.008279160559741
0.915 4.155023241453337e-5 1.0082288955882224
0.916 4.122903298620084e-5 1.008178956326843
0.917 4.090859713445916e-5 1.0081293403078921
0.918 4.05889310334806e-5 1.0080800450813312
0.919 4.027004158779768e-5 1.0080310682364202
0.92 3.995193655703666e-5 1.0079824073864985
0.921 3.963462206879598e-5 1.0079340601603173
0.922 3.9318105171992634e-5 1.007886024213268
0.923 3.9002392027198685e-5 1.0078382972236153
0.924 3.868748935675903e-5 1.0077908768915933
0.925 3.837340343032514e-5 1.007743760938275
0.926 3.806014013574277e-5 1.0076969471067136
0.927 3.774770511555392e-5 1.0076504331627265
0.928 3.74361043892768e-5 1.0076042168937405
0.929 3.712534382366295e-5 1.0075582961076963
0.93 3.6815428502368075e-5 1.0075126686315077
0.931 3.650636458102374e-5 1.0074673323133598
0.932 3.619815656935588e-5 1.0074222850255186
0.933 3.5890810287209085e-5 1.007377524659491
0.934 3.558433148498352e-5 1.0073330491251122
0.935 3.5278724393739136e-5 1.0072888563535651
0.936 3.497399377350163e-5 1.0072449442937752
0.937 3.467014444979988e-5 1.0072013109125104
0.9380000000000001 3.436718120397586e-5 1.0071579541972733
0.9390000000000001 3.4065108363456886e-5 1.0071148721536978
0.9400000000000001 3.376393020115831e-5 1.0070720628057148
0.9410000000000001 3.346365060646894e-5 1.007029524194913
0.9420000000000001 3.3164272933650096e-5 1.0069872543808416
0.9430000000000001 3.286580173883502e-5 1.0069452514406856
0.9440000000000001 3.2568240981634133e-5 1.006903513469408
0.9450000000000001 3.227159426771875e-5 1.0068620385786409
0.9460000000000001 3.197586562803112e-5 1.0068208248980899
0.9470000000000001 3.168105911383057e-5 1.0067798705738835
0.9480000000000001 3.1387177881592176e-5 1.0067391737674718
0.9490000000000001 3.10942255874469e-5 1.0066987326578873
0.9500000000000001 3.080220528556277e-5 1.0066585454406611
0.9510000000000001 3.0511120535647862e-5 1.0066186103281731
0.9520000000000001 3.022097381161215e-5 1.006578925547017
0.9530000000000001 2.993176752769111e-5 1.006539489337096
0.9540000000000001 2.964350504269797e-5 1.0065002999550223
0.9550000000000001 2.9356189392870657e-5 1.0064613556725044
0.9560000000000001 2.9069824004912537e-5 1.006422654777226
0.9570000000000001 2.8784411129523235e-5 1.0063841955705424
0.9580000000000001 2.8499952886840152e-5 1.00634597637025
0.9590000000000001 2.821645229833525e-5 1.0063079955091163
0.96 2.7933911737387795e-5 1.006270251333045
0.961 2.7652334102956644e-5 1.006232742203019
0.962 2.7371719978686038e-5 1.0061954664933856
0.963 2.7092071059442446e-5 1.0061584225924245
0.964 2.681339002869043e-5 1.0061216089019915
0.965 2.6535678927963602e-5 1.006085023837634
0.966 2.6258939479606447e-5 1.0060486658282195
0.967 2.5983173680910188e-5 1.0060125333164431
0.968 2.570838353282978e-5 1.0059766247579307
0.969 2.5434570558036107e-5 1.0059409386206912
0.97 2.5161735964340792e-5 1.0059054733849506
0.971 2.4889881357292865e-5 1.0058702275445717
0.972 2.4619008645476725e-5 1.0058351996060046
0.973 2.4349118479927156e-5 1.0058003880878017
0.974 2.4080212109811594e-5 1.0057657915207112
0.975 2.381229071085622e-5 1.0057314084474653
0.976 2.3545355675058666e-5 1.0056972374227087
0.977 2.3279408052856443e-5 1.0056632770127696
0.978 2.3014449408109705e-5 1.0056295257957768
0.979 2.2750479492572584e-5 1.0055959823615424
0.98 2.2487499576229197e-5 1.0055626453117765
0.981 2.2225510326323583e-5 1.005529513259039
0.982 2.1964511985550494e-5 1.005496584826777
0.983 2.170450457023021e-5 1.0054638586499578
0.984 2.144548862825779e-5 1.0054313333745133
0.985 2.1187464935290556e-5 1.0053990076569659
0.986 2.0930434230070905e-5 1.0053668801647746
0.987 2.067439665892623e-5 1.0053349495756745
0.988 2.041935315993948e-5 1.0053032145778924
0.989 2.016530328169397e-5 1.0052716738701384
0.99 1.9912246594921967e-5 1.005240326161672
0.991 1.9660184274794545e-5 1.0052091701716666
0.992 1.9409115411539446e-5 1.0051782046295692
0.993 1.9159039819749424e-5 1.0051474282738597
0.994 1.8909955404600165e-5 1.0051168398491832
0.995 1.8661864124525085e-5 1.005086438119169
0.996 1.8414766210450573e-5 1.0050562218541237
0.997 1.8168661400863595e-5 1.0050261898323773
0.998 1.7923548946197077e-5 1.004996340841749
0.999 1.7679428934047614e-5 1.0049666736796745
1.0 1.743630085726533e-5 1.0049371871530604
