0.	0.999997	0.003844	0.000026
0.0035868139023371537	0.99999	0.005164	0.000098
0.007173627804674307	0.999977	0.007817	0.000209
0.01076044170701146	0.999959	0.0105	0.000357
0.014347255609348615	0.999935	0.013212	0.00054
0.01793406951168577	0.999906	0.015953	0.000757
0.02152088341402292	0.999871	0.018725	0.001006
0.025107697316360075	0.999831	0.021527	0.001287
0.02869451121869723	0.999785	0.02436	0.0016
0.032281325121034384	0.999733	0.027225	0.001942
0.03586813902337154	0.999676	0.030121	0.002314
0.03945495292570869	0.999613	0.03305	0.002716
0.04304176682804584	0.999544	0.036012	0.003146
0.04662858073038299	0.999469	0.039007	0.003605
0.05021539463272015	0.999388	0.042035	0.004093
0.0538022085350573	0.999301	0.045099	0.004608
0.05738902243739446	0.999207	0.048197	0.005151
0.060975836339731616	0.999108	0.05133	0.005722
0.06456265024206877	0.999002	0.0545	0.00632
0.06814946414440592	0.99889	0.057706	0.006946
0.07173627804674308	0.998771	0.060949	0.007598
0.07532309194908023	0.998646	0.06423	0.008278
0.07890990585141738	0.998514	0.06755	0.008984
0.08249671975375453	0.998376	0.070908	0.009717
0.08608353365609168	0.998231	0.074305	0.010477
0.08967034755842884	0.998079	0.077743	0.011264
0.09325716146076599	0.99792	0.081222	0.012077
0.09684397536310314	0.997754	0.084742	0.012916
0.1004307892654403	0.997581	0.088305	0.013782
0.10401760316777746	0.997401	0.09191	0.014675
0.1076044170701146	0.997213	0.095559	0.015593
0.11119123097245176	0.997018	0.099252	0.016539
0.11477804487478892	0.996816	0.10299	0.017511
0.11836485877712608	0.996606	0.106773	0.018509
0.12195167267946323	0.996389	0.110604	0.019534
0.1255384865818004	0.996164	0.114481	0.020585
0.12912530048413753	0.995931	0.118407	0.021663
0.13271211438647468	0.99569	0.122382	0.022767
0.13629892828881185	0.995442	0.126406	0.023898
0.139885742191149	0.995185	0.130481	0.025056
0.14347255609348616	0.99492	0.134608	0.026241
0.1470593699958233	0.994646	0.138787	0.027452
0.15064618389816045	0.994364	0.143019	0.02869
0.1542329978004976	0.994074	0.147305	0.029956
0.15781981170283477	0.993775	0.151647	0.031248
0.1614066256051719	0.993468	0.156045	0.032568
0.16499343950750905	0.993151	0.1605	0.033915
0.16858025340984623	0.992826	0.165013	0.035289
0.17216706731218337	0.992491	0.169586	0.036691
0.17575388121452054	0.992147	0.174219	0.03812
0.17934069511685768	0.991794	0.178913	0.039577
0.18292750901919483	0.991432	0.18367	0.041062
0.18651432292153197	0.991059	0.188491	0.042575
0.19010113682386914	0.990678	0.193376	0.044116
0.1936879507262063	0.990286	0.198328	0.045686
0.19727476462854346	0.989884	0.203347	0.047284
0.2008615785308806	0.989473	0.208435	0.04891
0.20444839243321777	0.989051	0.213592	0.050566
0.20803520633555492	0.988618	0.218821	0.05225
0.21162202023789206	0.988175	0.224123	0.053963
0.2152088341402292	0.987722	0.229498	0.055706
0.21879564804256638	0.987257	0.23495	0.057478
0.22238246194490352	0.986782	0.240478	0.05928
0.2259692758472407	0.986295	0.246084	0.061112
0.22955608974957784	0.985798	0.251771	0.062973
0.233142903651915	0.985288	0.25754	0.064866
0.23672971755425215	0.984767	0.263391	0.066788
0.24031653145658932	0.984235	0.269328	0.068742
0.24390334535892647	0.98369	0.275351	0.070726
0.24749015926126364	0.983133	0.281463	0.072742
0.2510769731636008	0.982564	0.287666	0.074789
0.2546637870659379	0.981983	0.29396	0.076868
0.25825060096827507	0.981388	0.300349	0.078978
0.2618374148706122	0.980781	0.306833	0.081121
0.26542422877294936	0.980161	0.313416	0.083297
0.2690110426752865	0.979528	0.320099	0.085505
0.2725978565776237	0.978881	0.326885	0.087747
0.2761846704799608	0.97822	0.333775	0.090021
0.279771484382298	0.977546	0.340772	0.09233
0.28335829828463516	0.976857	0.347878	0.094673
0.28694511218697233	0.976154	0.355096	0.097049
0.29053192608930944	0.975437	0.362427	0.099461
0.2941187399916466	0.974704	0.369876	0.101907
0.2977055538939838	0.973957	0.377444	0.104389
0.3012923677963209	0.973195	0.385133	0.106907
0.3048791816986581	0.972417	0.392948	0.10946
0.3084659956009952	0.971623	0.40089	0.11205
0.31205280950333236	0.970813	0.408963	0.114677
0.31563962340566953	0.969987	0.41717	0.117341
0.31922643730800665	0.969144	0.425513	0.120043
0.3228132512103438	0.968285	0.433997	0.122782
0.326400065112681	0.967408	0.442624	0.12556
0.3299868790150181	0.966514	0.451397	0.128377
0.3335736929173553	0.965603	0.460322	0.131234
0.33716050681969245	0.964673	0.4694	0.13413
0.3407473207220296	0.963725	0.478637	0.137066
0.34433413462436674	0.962759	0.488035	0.140043
0.3479209485267039	0.961773	0.497599	0.143062
0.3515077624290411	0.960768	0.507334	0.146122
0.35509457633137825	0.959744	0.517242	0.149225
0.35868139023371537	0.958699	0.52733	0.15237
0.36226820413605254	0.957634	0.537602	0.155559
0.36585501803838966	0.956549	0.548062	0.158791
0.36944183194072683	0.955442	0.558715	0.162069
0.37302864584306394	0.954314	0.569567	0.165391
0.3766154597454011	0.953164	0.580623	0.168759
0.3802022736477383	0.951991	0.591888	0.172174
0.38378908755007546	0.950796	0.603369	0.175635
0.3873759014524126	0.949578	0.61507	0.179145
0.39096271535474975	0.948336	0.626998	0.182702
0.3945495292570869	0.94707	0.639161	0.186309
0.3981363431594241	0.945779	0.651563	0.189966
0.4017231570617612	0.944464	0.664212	0.193673
0.4053099709640984	0.943123	0.677116	0.197432
0.40889678486643555	0.941755	0.690281	0.201243
0.4124835987687727	0.940361	0.703715	0.205107
0.41607041267110983	0.93894	0.717426	0.209025
0.419657226573447	0.937492	0.731423	0.212997
0.4232440404757841	0.936015	0.745714	0.217025
0.4268308543781213	0.934509	0.760309	0.22111
0.4304176682804584	0.932973	0.775216	0.225252
0.4340044821827956	0.931408	0.790444	0.229452
0.43759129608513275	0.929812	0.806006	0.233712
0.4411781099874699	0.928184	0.82191	0.238033
0.44476492388980704	0.926524	0.838168	0.242415
0.4483517377921442	0.924831	0.854791	0.246859
0.4519385516944814	0.923105	0.871792	0.251368
0.4555253655968185	0.921344	0.889182	0.255941
0.45911217949915567	0.919548	0.906975	0.260581
0.46269899340149284	0.917716	0.925184	0.265288
0.46628580730383	0.915847	0.943824	0.270064
0.46987262120616713	0.913941	0.962909	0.27491
0.4734594351085043	0.911996	0.982455	0.279828
0.47704624901084147	0.910011	1.002478	0.284818
0.48063306291317864	0.907986	1.022995	0.289883
0.48421987681551576	0.905919	1.044024	0.295023
0.48780669071785293	0.90381	1.065582	0.300242
0.4913935046201901	0.901657	1.087691	0.305539
0.4949803185225273	0.899459	1.110369	0.310917
0.4985671324248644	0.897215	1.133639	0.316377
0.5021539463272016	0.894924	1.157523	0.321922
0.5057407602295386	0.892585	1.182043	0.327553
0.5093275741318758	0.890196	1.207226	0.333272
0.512914388034213	0.887756	1.233096	0.339082
0.5165012019365501	0.885264	1.259681	0.344983
0.5200880158388872	0.882718	1.287008	0.350979
0.5236748297412244	0.880116	1.315109	0.357071
0.5272616436435615	0.877457	1.344013	0.363262
0.5308484575458987	0.87474	1.373755	0.369554
0.5344352714482359	0.871962	1.404369	0.37595
0.538022085350573	0.869122	1.435891	0.382452
0.5416088992529102	0.866219	1.46836	0.389063
0.5451957131552474	0.863249	1.501815	0.395785
0.5487825270575845	0.860211	1.536299	0.402621
0.5523693409599216	0.857104	1.571856	0.409575
0.5559561548622588	0.853924	1.608533	0.416648
0.559542968764596	0.85067	1.646379	0.423845
0.5631297826669331	0.847338	1.685446	0.431168
0.5667165965692703	0.843928	1.725788	0.438621
0.5703034104716075	0.840435	1.76746	0.446207
0.5738902243739447	0.836858	1.810524	0.45393
0.5774770382762817	0.833193	1.855042	0.461793
0.5810638521786189	0.829438	1.901078	0.469799
0.5846506660809561	0.825589	1.948702	0.477953
0.5882374799832932	0.821643	1.997986	0.486259
0.5918242938856304	0.817597	2.049003	0.49472
0.5954111077879676	0.813447	2.101834	0.50334
0.5989979216903047	0.80919	2.156557	0.512124
0.6025847355926418	0.804821	2.213259	0.521075
0.606171549494979	0.800337	2.272027	0.530199
0.6097583633973161	0.795733	2.33295	0.539498
0.6133451772996533	0.791005	2.396123	0.548978
0.6169319912019904	0.786148	2.461641	0.558642
0.6205188051043276	0.781158	2.529601	0.568495
0.6241056190066647	0.77603	2.600102	0.578541
0.6276924329090019	0.770758	2.673246	0.588783
0.6312792468113391	0.765337	2.749131	0.599227
0.6348660607136761	0.759761	2.827858	0.609875
0.6384528746160133	0.754025	2.909524	0.62073
0.6420396885183505	0.748123	2.994223	0.631797
0.6456265024206876	0.742048	3.082046	0.643076
0.6492133163230248	0.735795	3.173075	0.654572
0.652800130225362	0.729356	3.267384	0.666286
0.6563869441276992	0.722725	3.365035	0.678217
0.6599737580300362	0.715896	3.466078	0.690368
0.6635605719323734	0.708861	3.570543	0.702737
0.6671473858347106	0.701614	3.67844	0.715322
0.6707341997370477	0.694147	3.789753	0.728121
0.6743210136393849	0.686455	3.904438	0.74113
0.6779078275417221	0.67853	4.022416	0.754342
0.6814946414440592	0.670365	4.143567	0.767752
0.6850814553463964	0.661955	4.267728	0.78135
0.6886682692487335	0.653294	4.394684	0.795126
0.6922550831510706	0.644377	4.524163	0.809065
0.6958418970534078	0.635198	4.655832	0.823154
0.699428710955745	0.625753	4.78929	0.837374
0.7030155248580822	0.61604	4.924063	0.851705
0.7066023387604193	0.606057	5.0596	0.866124
0.7101891526627565	0.595802	5.19527	0.880606
0.7137759665650936	0.585276	5.33036	0.895122
0.7173627804674307	0.574481	5.464074	0.909641
0.7209495943697679	0.56342	5.595535	0.924129
0.7245364082721051	0.552098	5.723792	0.938549
0.7281232221744423	0.540524	5.84782	0.952862
0.7317100360767793	0.528707	5.966539	0.967026
0.7352968499791165	0.516658	6.078817	0.980999
0.7388836638814537	0.504392	6.183494	0.994736
0.7424704777837908	0.491924	6.279395	1.00819
0.7460572916861279	0.479274	6.365353	1.021316
0.7496441055884651	0.466463	6.440236	1.034066
0.7532309194908022	0.453513	6.502965	1.046396
0.7568177333931394	0.440451	6.552547	1.05826
0.7604045472954766	0.427303	6.588095	1.069617
0.7639913611978137	0.414099	6.608857	1.080427
0.7675781751001509	0.400868	6.614238	1.090654
0.771164989002488	0.387642	6.603814	1.100265
0.7747518029048251	0.374453	6.577355	1.109233
0.7783386168071623	0.361332	6.534828	1.117536
0.7819254307094995	0.348313	6.476408	1.125155
0.7855122446118367	0.335427	6.402469	1.132081
0.7890990585141738	0.322703	6.313584	1.138306
0.792685872416511	0.310172	6.210508	1.143832
0.7962726863188482	0.297861	6.094161	1.148664
0.7998595002211852	0.285796	5.965607	1.152813
0.8034463141235224	0.273999	5.826027	1.156295
0.8070331280258596	0.262492	5.676691	1.159133
0.8106199419281968	0.251292	5.51893	1.16135
0.8142067558305339	0.240416	5.354108	1.162977
0.8177935697328711	0.229876	5.183593	1.164044
0.8213803836352083	0.219681	5.008735	1.164587
0.8249671975375454	0.209841	4.830836	1.164642
0.8285540114398825	0.200358	4.651141	1.164244
0.8321408253422197	0.191236	4.470811	1.163434
0.8357276392445568	0.182475	4.29092	1.162247
0.839314453146894	0.174072	4.112439	1.160722
0.8429012670492311	0.166025	3.936239	1.158896
0.8464880809515682	0.158328	3.763079	1.156803
0.8500748948539054	0.150973	3.593616	1.154478
0.8536617087562426	0.143953	3.428401	1.151952
0.8572485226585796	0.137259	3.267887	1.149257
0.8608353365609168	0.130882	3.112436	1.14642
0.864422150463254	0.124809	2.962323	1.143467
0.8680089643655912	0.119032	2.817745	1.140423
0.8715957782679283	0.113539	2.67883	1.13731
0.8751825921702655	0.108317	2.545644	1.134147
0.8787694060726027	0.103356	2.4182	1.130952
0.8823562199749398	0.098644	2.296464	1.127742
0.8859430338772769	0.09417	2.180362	1.12453
0.8895298477796141	0.089923	2.06979	1.121329
0.8931166616819513	0.085891	1.964614	1.11815
0.8967034755842884	0.082064	1.864683	1.115002
0.9002902894866256	0.078432	1.769825	1.111893
0.9038771033889628	0.074985	1.67986	1.10883
0.9074639172912999	0.071713	1.594597	1.10582
0.911050731193637	0.068607	1.513842	1.102865
0.9146375450959742	0.065657	1.437395	1.099971
0.9182243589983113	0.062857	1.36506	1.097141
0.9218111729006485	0.060197	1.296639	1.094376
0.9253979868029857	0.05767	1.231938	1.091678
0.9289848007053229	0.055269	1.170769	1.089049
0.93257161460766	0.052987	1.112948	1.086488
0.9361584285099972	0.050818	1.058295	1.083997
0.9397452424123343	0.048754	1.006639	1.081576
0.9433320563146714	0.046791	0.957816	1.079223
0.9469188702170086	0.044923	0.911668	1.076938
0.9505056841193458	0.043144	0.868044	1.07472
0.9540924980216829	0.041451	0.8268	1.072568
0.9576793119240201	0.039837	0.787801	1.070481
0.9612661258263573	0.038299	0.750917	1.068458
0.9648529397286945	0.036833	0.716026	1.066497
0.9684397536310315	0.035435	0.683013	1.064597
0.9720265675333687	0.034101	0.651767	1.062756
0.9756133814357059	0.032828	0.622187	1.060972
0.979200195338043	0.031613	0.594175	1.059244
0.9827870092403802	0.030452	0.567639	1.05757
0.9863738231427174	0.029342	0.542494	1.05595
0.9899606370450545	0.028282	0.518658	1.05438
0.9935474509473916	0.027268	0.496056	1.052859
0.9971342648497288	0.026297	0.474616	1.051387
1.000721078752066	0.025369	0.454271	1.049961
1.0043078926544031	0.02448	0.434959	1.048579
1.0078947065567403	0.023629	0.416619	1.047241
1.0114815204590772	0.022814	0.399196	1.045945
1.0150683343614144	0.022032	0.382638	1.04469
1.0186551482637516	0.021283	0.366896	1.043473
1.0222419621660888	0.020565	0.351924	1.042295
1.025828776068426	0.019876	0.337679	1.041153
1.029415589970763	0.019214	0.324121	1.040046
1.0330024038731003	0.018579	0.311211	1.038973
1.0365892177754374	0.017969	0.298913	1.037933
1.0401760316777744	0.017383	0.287195	1.036925
1.0437628455801116	0.016821	0.276024	1.035947
1.0473496594824487	0.016279	0.265371	1.034999
1.050936473384786	0.015759	0.255209	1.034079
1.054523287287123	0.015259	0.24551	1.033188
1.0581101011894603	0.014777	0.23625	1.032322
1.0616969150917974	0.014314	0.227407	1.031483
1.0652837289941346	0.013867	0.218958	1.030668
1.0688705428964718	0.013438	0.210883	1.029877
1.072457356798809	0.013024	0.203163	1.02911
1.076044170701146	0.012625	0.195779	1.028365
1.0796309846034833	0.012241	0.188715	1.027642
1.0832177985058205	0.01187	0.181953	1.026939
1.0868046124081576	0.011513	0.17548	1.026257
1.0903914263104948	0.011168	0.16928	1.025594
1.0939782402128317	0.010836	0.16334	1.02495
1.097565054115169	0.010515	0.157647	1.024325
1.101151868017506	0.010205	0.15219	1.023717
1.1047386819198433	0.009906	0.146957	1.023127
1.1083254958221804	0.009617	0.141936	1.022552
1.1119123097245176	0.009338	0.137119	1.021994
1.1154991236268548	0.009069	0.132495	1.021452
1.119085937529192	0.008808	0.128055	1.020924
1.1226727514315291	0.008557	0.12379	1.020411
1.1262595653338663	0.008313	0.119693	1.019912
1.1298463792362035	0.008078	0.115756	1.019427
1.1334331931385406	0.00785	0.111972	1.018955
1.1370200070408778	0.00763	0.108333	1.018495
1.140606820943215	0.007417	0.104832	1.018048
1.1441936348455521	0.007211	0.101465	1.017613
1.1477804487478893	0.007011	0.098225	1.01719
1.1513672626502263	0.006818	0.095105	1.016778
1.1549540765525634	0.006631	0.092102	1.016377
1.1585408904549006	0.006449	0.08921	1.015986
1.1621277043572378	0.006274	0.086423	1.015606
1.165714518259575	0.006104	0.083738	1.015236
1.1693013321619121	0.005939	0.081151	1.014875
1.1728881460642493	0.005779	0.078657	1.014524
1.1764749599665865	0.005624	0.076251	1.014182
1.1800617738689236	0.005474	0.073932	1.013848
1.1836485877712608	0.005328	0.071694	1.013524
1.187235401673598	0.005187	0.069534	1.013207
1.1908222155759352	0.00505	0.067451	1.012899
1.1944090294782723	0.004917	0.065439	1.012598
1.1979958433806095	0.004789	0.063497	1.012306
1.2015826572829467	0.004663	0.061621	1.01202
1.2051694711852836	0.004542	0.059809	1.011742
1.2087562850876208	0.004424	0.058058	1.011471
1.212343098989958	0.00431	0.056367	1.011207
1.2159299128922951	0.004199	0.054732	1.010949
1.2195167267946323	0.004091	0.053152	1.010697
1.2231035406969695	0.003986	0.051623	1.010452
1.2266903545993066	0.003884	0.050146	1.010213
1.2302771685016438	0.003786	0.048716	1.00998
1.2338639824039808	0.00369	0.047333	1.009753
1.237450796306318	0.003596	0.045995	1.009531
1.241037610208655	0.003506	0.044701	1.009315
1.2446244241109923	0.003417	0.043447	1.009103
1.2482112380133294	0.003332	0.042234	1.008898
1.2517980519156666	0.003249	0.041059	1.008697
1.2553848658180038	0.003168	0.039921	1.0085
1.258971679720341	0.003089	0.038819	1.008309
1.2625584936226781	0.003012	0.037752	1.008122
1.266145307525015	0.002938	0.036718	1.00794
1.2697321214273523	0.002865	0.035715	1.007762
1.2733189353296894	0.002795	0.034744	1.007589
1.2769057492320266	0.002726	0.033802	1.007419
1.2804925631343638	0.00266	0.032889	1.007254
1.284079377036701	0.002595	0.032004	1.007092
1.2876661909390381	0.002532	0.031146	1.006934
1.2912530048413753	0.00247	0.030313	1.00678
1.2948398187437125	0.002411	0.029506	1.00663
1.2984266326460496	0.002352	0.028722	1.006483
1.3020134465483868	0.002296	0.027962	1.00634
1.305600260450724	0.00224	0.027224	1.0062
1.3091870743530611	0.002187	0.026508	1.006063
1.3127738882553983	0.002134	0.025813	1.00593
1.3163607021577355	0.002083	0.025139	1.005799
1.3199475160600724	0.002034	0.024483	1.005672
1.3235343299624096	0.001986	0.023847	1.005547
1.3271211438647468	0.001938	0.023229	1.005426
1.330707957767084	0.001893	0.022629	1.005307
1.3342947716694211	0.001848	0.022046	1.005191
1.3378815855717583	0.001804	0.02148	1.005078
1.3414683994740955	0.001762	0.02093	1.004967
1.3450552133764326	0.001721	0.020395	1.004859
1.3486420272787698	0.00168	0.019875	1.004753
1.352228841181107	0.001641	0.01937	1.00465
1.3558156550834441	0.001603	0.018879	1.004549
1.3594024689857813	0.001566	0.018402	1.00445
1.3629892828881185	0.001529	0.017938	1.004353
1.3665760967904557	0.001494	0.017487	1.004259
1.3701629106927928	0.001459	0.017048	1.004167
1.3737497245951298	0.001426	0.016621	1.004077
1.377336538497467	0.001393	0.016206	1.003989
1.3809233523998041	0.001361	0.015802	1.003903
1.3845101663021413	0.00133	0.015409	1.003819
1.3880969802044785	0.001299	0.015026	1.003737
1.3916837941068156	0.00127	0.014654	1.003656
1.3952706080091528	0.001241	0.014292	1.003578
1.39885742191149	0.001212	0.01394	1.003501
1.4024442358138272	0.001185	0.013597	1.003426
1.4060310497161643	0.001158	0.013263	1.003353
1.4096178636185015	0.001132	0.012938	1.003281
1.4132046775208387	0.001106	0.012622	1.003211
1.4167914914231758	0.001081	0.012313	1.003142
1.420378305325513	0.001057	0.012013	1.003075
1.4239651192278502	0.001033	0.011721	1.003009
1.4275519331301871	0.00101	0.011437	1.002945
1.4311387470325243	0.000988	0.011159	1.002883
1.4347255609348615	0.000966	0.010889	1.002821
1.4383123748371986	0.000944	0.010626	1.002761
1.4418991887395358	0.000923	0.01037	1.002703
1.445486002641873	0.000903	0.01012	1.002645
1.4490728165442102	0.000883	0.009876	1.002589
1.4526596304465473	0.000863	0.009639	1.002534
1.4562464443488845	0.000844	0.009408	1.00248
1.4598332582512215	0.000825	0.009183	1.002428
1.4634200721535586	0.000807	0.008963	1.002377
1.4670068860558958	0.00079	0.008749	1.002326
1.470593699958233	0.000772	0.00854	1.002277
1.4741805138605701	0.000755	0.008336	1.002229
1.4777673277629073	0.000739	0.008138	1.002182
1.4813541416652445	0.000723	0.007944	1.002136
1.4849409555675817	0.000707	0.007756	1.002091
1.4885277694699186	0.000692	0.007571	1.002047
1.4921145833722558	0.000677	0.007392	1.002004
1.495701397274593	0.000662	0.007217	1.001962
1.4992882111769301	0.000648	0.007046	1.001921
1.5028750250792673	0.000634	0.006879	1.00188
1.5064618389816045	0.00062	0.006716	1.001841
1.5100486528839416	0.000607	0.006557	1.001802
1.5136354667862788	0.000594	0.006402	1.001764
1.517222280688616	0.000582	0.006251	1.001727
1.5208090945909531	0.000569	0.006104	1.001691
1.5243959084932903	0.000557	0.00596	1.001656
1.5279827223956275	0.000545	0.005819	1.001621
1.5315695362979647	0.000534	0.005682	1.001587
1.5351563502003018	0.000523	0.005548	1.001554
1.538743164102639	0.000512	0.005417	1.001521
1.542329978004976	0.000501	0.005289	1.00149
1.5459167919073131	0.000491	0.005164	1.001459
1.5495036058096503	0.00048	0.005042	1.001428
1.5530904197119875	0.00047	0.004923	1.001398
1.5566772336143246	0.000461	0.004807	1.001369
1.5602640475166618	0.000451	0.004694	1.001341
1.563850861418999	0.000442	0.004583	1.001313
1.5674376753213362	0.000433	0.004474	1.001286
1.5710244892236733	0.000424	0.004368	1.001259
1.5746113031260105	0.000415	0.004265	1.001233
1.5781981170283477	0.000407	0.004164	1.001207
1.5817849309306848	0.000399	0.004065	1.001182
1.585371744833022	0.000391	0.003968	1.001157
1.5889585587353592	0.000383	0.003874	1.001133
1.5925453726376964	0.000375	0.003782	1.00111
1.5961321865400335	0.000368	0.003692	1.001087
1.5997190004423705	0.00036	0.003603	1.001064
1.6033058143447076	0.000353	0.003517	1.001042
1.6068926282470448	0.000346	0.003433	1.001021
1.610479442149382	0.00034	0.003351	1.000999
1.6140662560517192	0.000333	0.00327	1.000979
1.6176530699540563	0.000326	0.003191	1.000959
1.6212398838563935	0.00032	0.003114	1.000939
1.6248266977587307	0.000314	0.003039	1.000919
1.6284135116610678	0.000308	0.002965	1.0009
1.632000325563405	0.000302	0.002893	1.000882
1.6355871394657422	0.000296	0.002823	1.000863
1.6391739533680794	0.000291	0.002754	1.000846
1.6427607672704165	0.000285	0.002686	1.000828
1.6463475811727537	0.00028	0.00262	1.000811
1.6499343950750909	0.000275	0.002555	1.000794
1.6535212089774278	0.00027	0.002492	1.000778
1.657108022879765	0.000265	0.00243	1.000762
1.6606948367821022	0.00026	0.00237	1.000746
1.6642816506844393	0.000255	0.00231	1.000731
1.6678684645867765	0.000251	0.002253	1.000716
1.6714552784891137	0.000246	0.002196	1.000701
1.6750420923914509	0.000242	0.00214	1.000687
1.678628906293788	0.000238	0.002086	1.000673
1.682215720196125	0.000234	0.002033	1.000659
1.6858025340984621	0.00023	0.001981	1.000645
1.6893893480007993	0.000226	0.00193	1.000632
1.6929761619031365	0.000222	0.00188	1.000619
1.6965629758054737	0.000218	0.001831	1.000606
1.7001497897078108	0.000215	0.001783	1.000594
1.703736603610148	0.000211	0.001737	1.000582
1.7073234175124852	0.000208	0.001691	1.00057
1.7109102314148223	0.000204	0.001646	1.000558
1.7144970453171593	0.000201	0.001602	1.000546
1.7180838592194965	0.000198	0.001559	1.000535
1.7216706731218336	0.000195	0.001517	1.000524
1.7252574870241708	0.000192	0.001476	1.000514
1.728844300926508	0.000189	0.001436	1.000503
1.7324311148288452	0.000186	0.001397	1.000493
1.7360179287311823	0.000183	0.001358	1.000483
1.7396047426335195	0.000181	0.001321	1.000473
1.7431915565358567	0.000178	0.001284	1.000463
1.7467783704381938	0.000176	0.001248	1.000454
1.750365184340531	0.000173	0.001213	1.000444
1.7539519982428682	0.000171	0.001179	1.000435
1.7575388121452054	0.000168	0.001145	1.000426
1.7611256260475425	0.000166	0.001112	1.000418
1.7647124399498797	0.000164	0.00108	1.000409
1.7682992538522166	0.000162	0.001049	1.000401
1.7718860677545538	0.00016	0.001018	1.000392
1.775472881656891	0.000158	0.000988	1.000384
1.7790596955592282	0.000156	0.000959	1.000377
1.7826465094615653	0.000154	0.00093	1.000369
1.7862333233639025	0.000152	0.000902	1.000361
1.7898201372662397	0.00015	0.000875	1.000354
1.7934069511685768	0.000149	0.000848	1.000347
1.796993765070914	0.000147	0.000822	1.00034
1.8005805789732512	0.000145	0.000797	1.000333
1.8041673928755884	0.000144	0.000772	1.000326
1.8077542067779255	0.000142	0.000748	1.000319
1.8113410206802627	0.000141	0.000725	1.000313
1.8149278345825999	0.000139	0.000702	1.000306
1.818514648484937	0.000138	0.00068	1.0003
1.822101462387274	0.000137	0.000658	1.000294
1.8256882762896112	0.000135	0.000637	1.000288
1.8292750901919483	0.000134	0.000616	1.000282
1.8328619040942855	0.000133	0.000596	1.000276
1.8364487179966227	0.000132	0.000577	1.000271
1.8400355318989599	0.000131	0.000558	1.000265
1.843622345801297	0.00013	0.00054	1.00026
1.8472091597036342	0.000128	0.000522	1.000255
1.8507959736059714	0.000127	0.000504	1.000249
1.8543827875083085	0.000126	0.000487	1.000244
1.8579696014106457	0.000125	0.000471	1.000239
1.8615564153129829	0.000125	0.000455	1.000234
1.86514322921532	0.000124	0.000439	1.00023
1.8687300431176572	0.000123	0.000424	1.000225
1.8723168570199944	0.000122	0.00041	1.00022
1.8759036709223313	0.000121	0.000396	1.000216
1.8794904848246685	0.00012	0.000382	1.000212
1.8830772987270057	0.00012	0.000368	1.000207
1.8866641126293429	0.000119	0.000356	1.000203
1.89025092653168	0.000118	0.000343	1.000199
1.8938377404340172	0.000118	0.000331	1.000195
1.8974245543363544	0.000117	0.000319	1.000191
1.9010113682386915	0.000116	0.000308	1.000187
1.9045981821410287	0.000116	0.000297	1.000183
1.9081849960433659	0.000115	0.000286	1.000179
1.911771809945703	0.000115	0.000276	1.000176
1.9153586238480402	0.000114	0.000266	1.000172
1.9189454377503774	0.000113	0.000256	1.000169
1.9225322516527146	0.000113	0.000247	1.000165
1.9261190655550517	0.000112	0.000238	1.000162
1.929705879457389	0.000112	0.000229	1.000159
1.9332926933597259	0.000112	0.000221	1.000155
1.936879507262063	0.000111	0.000213	1.000152
1.9404663211644002	0.000111	0.000205	1.000149
1.9440531350667374	0.00011	0.000197	1.000146
1.9476399489690746	0.00011	0.00019	1.000143
1.9512267628714117	0.00011	0.000183	1.00014
1.954813576773749	0.000109	0.000176	1.000137
1.958400390676086	0.000109	0.000169	1.000135
1.9619872045784232	0.000108	0.000163	1.000132
1.9655740184807604	0.000108	0.000157	1.000129
1.9691608323830976	0.000108	0.000151	1.000127
1.9727476462854348	0.000108	0.000145	1.000124
1.976334460187772	0.000107	0.00014	1.000122
1.979921274090109	0.000107	0.000134	1.000119
1.9835080879924463	0.000107	0.000129	1.000117
1.9870949018947832	0.000106	0.000124	1.000114
1.9906817157971204	0.000106	0.00012	1.000112
1.9942685296994576	0.000106	0.000115	1.00011
1.9978553436017947	0.000106	0.000111	1.000107
2.001442157504132	0.000106	0.000107	1.000105
2.0050289714064693	0.000105	0.000102	1.000103
2.0086157853088062	0.000105	0.000099	1.000101
2.012202599211143	0.000105	0.000095	1.000099
2.0157894131134806	0.000105	0.000091	1.000097
2.0193762270158175	0.000105	0.000088	1.000095
2.0229630409181545	0.000104	0.000084	1.000093
2.0265498548204914	0.000104	0.000081	1.000091
2.030136668722829	0.000104	0.000078	1.000089
2.033723482625166	0.000104	0.000075	1.000088
2.037310296527503	0.000104	0.000072	1.000086
2.04089711042984	0.000104	0.000069	1.000084
2.0444839243321775	0.000104	0.000067	1.000082
2.0480707382345145	0.000103	0.000064	1.000081
2.051657552136852	0.000103	0.000062	1.000079
2.055244366039189	0.000103	0.000059	1.000077
2.058831179941526	0.000103	0.000057	1.000076
2.062417993843863	0.000103	0.000055	1.000074
2.0660048077462005	0.000103	0.000053	1.000073
2.0695916216485375	0.000103	0.000051	1.000071
2.073178435550875	0.000103	0.000049	1.00007
2.076765249453212	0.000103	0.000047	1.000068
2.080352063355549	0.000102	0.000045	1.000067
2.083938877257886	0.000102	0.000043	1.000066
2.087525691160223	0.000102	0.000041	1.000064
2.0911125050625605	0.000102	0.00004	1.000063
2.0946993189648975	0.000102	0.000038	1.000062
2.098286132867235	0.000102	0.000037	1.000061
2.101872946769572	0.000102	0.000035	1.000059
2.105459760671909	0.000102	0.000034	1.000058
2.109046574574246	0.000102	0.000033	1.000057
2.1126333884765836	0.000102	0.000032	1.000056
2.1162202023789205	0.000102	0.00003	1.000055
2.119807016281258	0.000102	0.000029	1.000054
2.123393830183595	0.000102	0.000028	1.000052
2.1269806440859322	0.000102	0.000027	1.000051
2.130567457988269	0.000101	0.000026	1.00005
2.134154271890606	0.000101	0.000025	1.000049
2.1377410857929435	0.000101	0.000024	1.000048
2.1413278996952805	0.000101	0.000023	1.000047
2.144914713597618	0.000101	0.000022	1.000046
2.148501527499955	0.000101	0.000021	1.000045
2.152088341402292	0.000101	0.00002	1.000045
2.155675155304629	0.000101	0.00002	1.000044
2.1592619692069666	0.000101	0.000019	1.000043
2.1628487831093035	0.000101	0.000018	1.000042
2.166435597011641	0.000101	0.000018	1.000041
2.170022410913978	0.000101	0.000017	1.00004
2.1736092248163152	0.000101	0.000016	1.000039
2.177196038718652	0.000101	0.000016	1.000039
2.1807828526209896	0.000101	0.000015	1.000038
2.1843696665233265	0.000101	0.000014	1.000037
2.1879564804256635	0.000101	0.000014	1.000036
2.191543294328001	0.000101	0.000013	1.000036
2.195130108230338	0.000101	0.000013	1.000035
2.1987169221326752	0.000101	0.000012	1.000034
2.202303736035012	0.000101	0.000012	1.000033
2.2058905499373496	0.000101	0.000012	1.000033
2.2094773638396865	0.000101	0.000011	1.000032
2.213064177742024	0.000101	0.000011	1.000031
2.216650991644361	0.000101	0.00001	1.000031
2.2202378055466983	0.000101	0.00001	1.00003
2.223824619449035	0.000101	0.00001	1.00003
2.2274114333513726	0.000101	9.e-6	1.000029
2.2309982472537095	0.000101	9.e-6	1.000028
2.234585061156047	0.000101	9.e-6	1.000028
2.238171875058384	0.000101	8.e-6	1.000027
2.2417586889607213	0.000101	8.e-6	1.000027
2.2453455028630582	0.000101	8.e-6	1.000026
2.248932316765395	0.000101	7.e-6	1.000026
2.2525191306677326	0.0001	7.e-6	1.000025
2.2561059445700695	0.0001	7.e-6	1.000025
2.259692758472407	0.0001	7.e-6	1.000024
2.263279572374744	0.0001	6.e-6	1.000024
2.2668663862770813	0.0001	6.e-6	1.000023
2.270453200179418	0.0001	6.e-6	1.000023
2.2740400140817556	0.0001	6.e-6	1.000022
2.2776268279840926	0.0001	5.e-6	1.000022
2.28121364188643	0.0001	5.e-6	1.000021
2.284800455788767	0.0001	5.e-6	1.000021
2.2883872696911043	0.0001	5.e-6	1.00002
2.2919740835934412	0.0001	5.e-6	1.00002
2.2955608974957786	0.0001	5.e-6	1.00002
2.2991477113981156	0.0001	4.e-6	1.000019
2.3027345253004525	0.0001	4.e-6	1.000019
2.30632133920279	0.0001	4.e-6	1.000018
2.309908153105127	0.0001	4.e-6	1.000018
2.3134949670074643	0.0001	4.e-6	1.000018
2.317081780909801	0.0001	4.e-6	1.000017
2.3206685948121386	0.0001	4.e-6	1.000017
2.3242554087144756	0.0001	3.e-6	1.000017
2.327842222616813	0.0001	3.e-6	1.000016
2.33142903651915	0.0001	3.e-6	1.000016
2.3350158504214873	0.0001	3.e-6	1.000016
2.3386026643238242	0.0001	3.e-6	1.000015
2.3421894782261616	0.0001	3.e-6	1.000015
2.3457762921284986	0.0001	3.e-6	1.000015
2.349363106030836	0.0001	3.e-6	1.000014
2.352949919933173	0.0001	3.e-6	1.000014
2.35653673383551	0.0001	3.e-6	1.000014
2.3601235477378473	0.0001	3.e-6	1.000014
2.363710361640184	0.0001	2.e-6	1.000013
2.3672971755425216	0.0001	2.e-6	1.000013
2.3708839894448586	0.0001	2.e-6	1.000013
2.374470803347196	0.0001	2.e-6	1.000013
2.378057617249533	0.0001	2.e-6	1.000012
2.3816444311518703	0.0001	2.e-6	1.000012
2.3852312450542072	0.0001	2.e-6	1.000012
2.3888180589565446	0.0001	2.e-6	1.000012
2.3924048728588816	0.0001	2.e-6	1.000011
2.395991686761219	0.0001	2.e-6	1.000011
2.399578500663556	0.0001	2.e-6	1.000011
2.4031653145658933	0.0001	2.e-6	1.000011
2.4067521284682303	0.0001	2.e-6	1.00001
2.4103389423705672	0.0001	2.e-6	1.00001
2.4139257562729046	0.0001	2.e-6	1.00001
2.4175125701752416	0.0001	2.e-6	1.00001
2.421099384077579	0.0001	2.e-6	1.00001
2.424686197979916	0.0001	1.e-6	1.000009
2.4282730118822533	0.0001	1.e-6	1.000009
2.4318598257845903	0.0001	1.e-6	1.000009
2.4354466396869277	0.0001	1.e-6	1.000009
2.4390334535892646	0.0001	1.e-6	1.000009
2.442620267491602	0.0001	1.e-6	1.000008
2.446207081393939	0.0001	1.e-6	1.000008
2.4497938952962763	0.0001	1.e-6	1.000008
2.4533807091986133	0.0001	1.e-6	1.000008
2.4569675231009507	0.0001	1.e-6	1.000008
2.4605543370032876	0.0001	1.e-6	1.000008
2.4641411509056246	0.0001	1.e-6	1.000007
2.4677279648079615	0.0001	1.e-6	1.000007
2.471314778710299	0.0001	1.e-6	1.000007
2.474901592612636	0.0001	1.e-6	1.000007
2.478488406514973	0.0001	1.e-6	1.000007
2.48207522041731	0.0001	1.e-6	1.000007
2.485662034319647	0.0001	1.e-6	1.000007
2.4892488482219846	0.0001	1.e-6	1.000006
2.4928356621243215	0.0001	1.e-6	1.000006
2.496422476026659	0.0001	1.e-6	1.000006
2.500009289928996	0.0001	1.e-6	1.000006
2.5035961038313332	0.0001	1.e-6	1.000006
2.50718291773367	0.0001	1.e-6	1.000006
2.5107697316360076	0.0001	1.e-6	1.000006
2.5143565455383445	0.0001	1.e-6	1.000006
2.517943359440682	0.0001	1.e-6	1.000006
2.521530173343019	0.0001	1.e-6	1.000005
2.5251169872453563	0.0001	1.e-6	1.000005
2.528703801147693	0.0001	1.e-6	1.000005
2.53229061505003	0.0001	1.e-6	1.000005
2.5358774289523676	0.0001	1.e-6	1.000005
2.5394642428547045	0.0001	1.e-6	1.000005
2.543051056757042	0.0001	1.e-6	1.000005
2.546637870659379	0.0001	1.e-6	1.000005
2.5502246845617162	0.0001	1.e-6	1.000005
2.553811498464053	0.0001	1.e-6	1.000004
2.5573983123663906	0.0001	1.e-6	1.000004
2.5609851262687275	0.0001	1.e-6	1.000004
2.564571940171065	0.0001	1.e-6	1.000004
2.568158754073402	0.0001	1.e-6	1.000004
2.5717455679757393	0.0001	1.e-6	1.000004
2.5753323818780762	0.0001	1.e-6	1.000004
2.5789191957804136	0.0001	1.e-6	1.000004
2.5825060096827506	0.0001	1.e-6	1.000004
2.5860928235850875	0.0001	1.e-6	1.000004
2.589679637487425	0.0001	1.e-6	1.000004
2.593266451389762	0.0001	1.e-6	1.000004
2.5968532652920993	0.0001	1.e-6	1.000004
2.600440079194436	0.0001	1.e-6	1.000003
2.6040268930967736	0.0001	1.e-6	1.000003
2.6076137069991105	0.0001	1.e-6	1.000003
2.611200520901448	0.0001	0.	1.000003
2.614787334803785	0.0001	0.	1.000003
2.6183741487061223	0.0001	0.	1.000003
2.6219609626084592	0.0001	0.	1.000003
2.6255477765107966	0.0001	0.	1.000003
2.6291345904131336	0.0001	0.	1.000003
2.632721404315471	0.0001	0.	1.000003
2.636308218217808	0.0001	0.	1.000003
2.639895032120145	0.0001	0.	1.000003
2.6434818460224823	0.0001	0.	1.000003
2.647068659924819	0.0001	0.	1.000003
2.6506554738271566	0.0001	0.	1.000003
2.6542422877294936	0.0001	0.	1.000003
2.657829101631831	0.0001	0.	1.000002
2.661415915534168	0.0001	0.	1.000002
2.6650027294365053	0.0001	0.	1.000002
2.6685895433388422	0.0001	0.	1.000002
2.6721763572411796	0.0001	0.	1.000002
2.6757631711435166	0.0001	0.	1.000002
2.679349985045854	0.0001	0.	1.000002
2.682936798948191	0.0001	0.	1.000002
2.6865236128505283	0.0001	0.	1.000002
2.6901104267528653	0.0001	0.	1.000002
2.693697240655202	0.0001	0.	1.000002
2.6972840545575396	0.0001	0.	1.000002
2.7008708684598766	0.0001	0.	1.000002
2.704457682362214	0.0001	0.	1.000002
2.708044496264551	0.0001	0.	1.000002
2.7116313101668883	0.0001	0.	1.000002
2.7152181240692252	0.0001	0.	1.000002
2.7188049379715626	0.0001	0.	1.000002
2.7223917518738996	0.0001	0.	1.000002
2.725978565776237	0.0001	0.	1.000002
2.729565379678574	0.0001	0.	1.000002
2.7331521935809113	0.0001	0.	1.000002
2.7367390074832483	0.0001	0.	1.000002
2.7403258213855857	0.0001	0.	1.000002
2.7439126352879226	0.0001	0.	1.000002
2.7474994491902596	0.0001	0.	1.000001
2.751086263092597	0.0001	0.	1.000001
2.754673076994934	0.0001	0.	1.000001
2.7582598908972713	0.0001	0.	1.000001
2.7618467047996083	0.0001	0.	1.000001
2.7654335187019456	0.0001	0.	1.000001
2.7690203326042826	0.0001	0.	1.000001
2.77260714650662	0.0001	0.	1.000001
2.776193960408957	0.0001	0.	1.000001
2.7797807743112943	0.0001	0.	1.000001
2.7833675882136313	0.0001	0.	1.000001
2.7869544021159687	0.0001	0.	1.000001
2.7905412160183056	0.0001	0.	1.000001
2.794128029920643	0.0001	0.	1.000001
2.79771484382298	0.0001	0.	1.000001
2.801301657725317	0.0001	0.	1.000001
2.8048884716276543	0.0001	0.	1.000001
2.8084752855299913	0.0001	0.	1.000001
2.8120620994323287	0.0001	0.	1.000001
2.8156489133346656	0.0001	0.	1.000001
2.819235727237003	0.0001	0.	1.000001
2.82282254113934	0.0001	0.	1.000001
2.8264093550416773	0.0001	0.	1.000001
2.8299961689440143	0.0001	0.	1.000001
2.8335829828463517	0.0001	0.	1.000001
2.8371697967486886	0.0001	0.	1.000001
2.840756610651026	0.0001	0.	1.000001
2.844343424553363	0.0001	0.	1.000001
2.8479302384557004	0.0001	0.	1.000001
2.8515170523580373	0.0001	0.	1.000001
2.8551038662603743	0.0001	0.	1.000001
2.8586906801627117	0.0001	0.	1.000001
2.8622774940650486	0.0001	0.	1.000001
2.865864307967386	0.0001	0.	1.000001
2.869451121869723	0.0001	0.	1.000001
2.8730379357720603	0.0001	0.	1.000001
2.8766247496743973	0.0001	0.	1.000001
2.8802115635767347	0.0001	0.	1.000001
2.8837983774790716	0.0001	0.	1.000001
2.887385191381409	0.0001	0.	1.000001
2.890972005283746	0.0001	0.	1.000001
2.8945588191860834	0.0001	0.	1.000001
2.8981456330884203	0.0001	0.	1.000001
2.9017324469907577	0.0001	0.	1.000001
2.9053192608930947	0.0001	0.	1.000001
2.9089060747954316	0.0001	0.	1.000001
2.912492888697769	0.0001	0.	1.000001
2.916079702600106	0.0001	0.	1.000001
2.919666516502443	0.0001	0.	1.000001
2.92325333040478	0.0001	0.	1.000001
2.9268401443071173	0.0001	0.	1.000001
2.930426958209454	0.0001	0.	1.000001
2.9340137721117916	0.0001	0.	1.000001
2.9376005860141285	0.0001	0.	1.
2.941187399916466	0.0001	0.	1.
2.944774213818803	0.0001	0.	1.
2.9483610277211403	0.0001	0.	1.
2.9519478416234772	0.0001	0.	1.
2.9555346555258146	0.0001	0.	1.
2.9591214694281516	0.0001	0.	1.
2.962708283330489	0.0001	0.	1.
2.966295097232826	0.0001	0.	1.
2.9698819111351633	0.0001	0.	1.
2.9734687250375003	0.0001	0.	1.
2.977055538939837	0.0001	0.	1.
2.9806423528421746	0.0001	0.	1.
2.9842291667445116	0.0001	0.	1.
2.987815980646849	0.0001	0.	1.
2.991402794549186	0.0001	0.	1.
2.9949896084515233	0.0001	0.	1.
2.9985764223538602	0.0001	0.	1.
3.0021632362561976	0.0001	0.	1.
3.0057500501585346	0.0001	0.	1.
3.009336864060872	0.0001	0.	1.
3.012923677963209	0.0001	0.	1.
3.0165104918655463	0.0001	0.	1.
3.0200973057678833	0.0001	0.	1.
3.0236841196702207	0.0001	0.	1.
3.0272709335725576	0.0001	0.	1.
3.0308577474748946	0.0001	0.	1.
3.034444561377232	0.0001	0.	1.
3.038031375279569	0.0001	0.	1.
3.0416181891819063	0.0001	0.	1.
3.0452050030842432	0.0001	0.	1.
3.0487918169865806	0.0001	0.	1.
3.0523786308889176	0.0001	0.	1.
3.055965444791255	0.0001	0.	1.
3.059552258693592	0.0001	0.	1.
3.0631390725959293	0.0001	0.	1.
3.0667258864982663	0.0001	0.	1.
3.0703127004006037	0.0001	0.	1.
3.0738995143029406	0.0001	0.	1.
3.077486328205278	0.0001	0.	1.
3.081073142107615	0.0001	0.	1.
3.084659956009952	0.0001	0.	1.
3.0882467699122893	0.0001	0.	1.
3.0918335838146263	0.0001	0.	1.
3.0954203977169636	0.0001	0.	1.
3.0990072116193006	0.0001	0.	1.
3.102594025521638	0.0001	0.	1.
3.106180839423975	0.0001	0.	1.
3.1097676533263123	0.0001	0.	1.
3.1133544672286493	0.0001	0.	1.
3.1169412811309867	0.0001	0.	1.
3.1205280950333236	0.0001	0.	1.
3.124114908935661	0.0001	0.	1.
3.127701722837998	0.0001	0.	1.
3.1312885367403354	0.0001	0.	1.
3.1348753506426723	0.0001	0.	1.
3.1384621645450093	0.0001	0.	1.
3.1420489784473467	0.0001	0.	1.
3.1456357923496836	0.0001	0.	1.
3.149222606252021	0.0001	0.	1.
3.152809420154358	0.0001	0.	1.
3.1563962340566953	0.0001	0.	1.
3.1599830479590323	0.0001	0.	1.
3.1635698618613697	0.0001	0.	1.
3.1671566757637066	0.0001	0.	1.
3.170743489666044	0.0001	0.	1.
3.174330303568381	0.0001	0.	1.
3.1779171174707184	0.0001	0.	1.
3.1815039313730553	0.0001	0.	1.
3.1850907452753927	0.0001	0.	1.
3.1886775591777297	0.0001	0.	1.
3.192264373080067	0.0001	0.	1.
3.195851186982404	0.0001	0.	1.
3.199438000884741	0.0001	0.	1.
3.2030248147870783	0.0001	0.	1.
3.2066116286894153	0.0001	0.	1.
3.2101984425917527	0.0001	0.	1.
3.2137852564940896	0.0001	0.	1.
3.217372070396427	0.0001	0.	1.
3.220958884298764	0.0001	0.	1.
3.2245456982011014	0.0001	0.	1.
3.2281325121034383	0.0001	0.	1.
3.2317193260057757	0.0001	0.	1.
3.2353061399081127	0.0001	0.	1.
3.23889295381045	0.0001	0.	1.
3.242479767712787	0.0001	0.	1.
3.2460665816151244	0.0001	0.	1.
3.2496533955174614	0.0001	0.	1.
3.2532402094197983	0.0001	0.	1.
3.2568270233221357	0.0001	0.	1.
3.2604138372244726	0.0001	0.	1.
3.26400065112681	0.0001	0.	1.
3.267587465029147	0.0001	0.	1.
3.2711742789314844	0.0001	0.	1.
3.2747610928338213	0.0001	0.	1.
3.2783479067361587	0.0001	0.	1.
3.2819347206384957	0.0001	0.	1.
3.285521534540833	0.0001	0.	1.
3.28910834844317	0.0001	0.	1.
3.2926951623455074	0.0001	0.	1.
3.2962819762478444	0.0001	0.	1.
3.2998687901501818	0.0001	0.	1.
3.3034556040525187	0.0001	0.	1.
3.3070424179548557	0.0001	0.	1.
3.310629231857193	0.0001	0.	1.
3.31421604575953	0.0001	0.	1.
3.3178028596618674	0.0001	0.	1.
3.3213896735642043	0.0001	0.	1.
3.3249764874665417	0.0001	0.	1.
3.3285633013688787	0.0001	0.	1.
3.332150115271216	0.0001	0.	1.
3.335736929173553	0.0001	0.	1.
3.3393237430758904	0.0001	0.	1.
3.3429105569782274	0.0001	0.	1.
3.3464973708805648	0.0001	0.	1.
3.3500841847829017	0.0001	0.	1.
3.353670998685239	0.0001	0.	1.
3.357257812587576	0.0001	0.	1.
3.360844626489913	0.0001	0.	1.
3.36443144039225	0.0001	0.	1.
3.3680182542945873	0.0001	0.	1.
3.3716050681969243	0.0001	0.	1.
3.3751918820992612	0.0001	0.	1.
3.3787786960015986	0.0001	0.	1.
3.3823655099039356	0.0001	0.	1.
3.385952323806273	0.0001	0.	1.
3.38953913770861	0.0001	0.	1.
3.3931259516109473	0.0001	0.	1.
3.3967127655132843	0.0001	0.	1.
3.4002995794156217	0.0001	0.	1.
3.4038863933179586	0.0001	0.	1.
3.407473207220296	0.0001	0.	1.
3.411060021122633	0.0001	0.	1.
3.4146468350249704	0.0001	0.	1.
3.4182336489273073	0.0001	0.	1.
3.4218204628296447	0.0001	0.	1.
3.4254072767319816	0.0001	0.	1.
3.4289940906343186	0.0001	0.	1.
3.432580904536656	0.0001	0.	1.
3.436167718438993	0.0001	0.	1.
3.4397545323413303	0.0001	0.	1.
3.4433413462436673	0.0001	0.	1.
3.4469281601460047	0.0001	0.	1.
3.4505149740483416	0.0001	0.	1.
3.454101787950679	0.0001	0.	1.
3.457688601853016	0.0001	0.	1.
3.4612754157553534	0.0001	0.	1.
3.4648622296576903	0.0001	0.	1.
3.4684490435600277	0.0001	0.	1.
3.4720358574623646	0.0001	0.	1.
3.475622671364702	0.0001	0.	1.
3.479209485267039	0.0001	0.	1.
3.482796299169376	0.0001	0.	1.
3.4863831130717133	0.0001	0.	1.
3.4899699269740503	0.0001	0.	1.
3.4935567408763877	0.0001	0.	1.
3.4971435547787246	0.0001	0.	1.
3.500730368681062	0.0001	0.	1.
3.504317182583399	0.0001	0.	1.
3.5079039964857364	0.0001	0.	1.
3.5114908103880733	0.0001	0.	1.
3.5150776242904107	0.0001	0.	1.
3.5186644381927477	0.0001	0.	1.
3.522251252095085	0.0001	0.	1.
3.525838065997422	0.0001	0.	1.
3.5294248798997594	0.0001	0.	1.
3.5330116938020963	0.0001	0.	1.
3.5365985077044333	0.0001	0.	1.
3.5401853216067707	0.0001	0.	1.
3.5437721355091076	0.0001	0.	1.
3.547358949411445	0.0001	0.	1.
3.550945763313782	0.0001	0.	1.
3.5545325772161194	0.0001	0.	1.
3.5581193911184563	0.0001	0.	1.
3.5617062050207937	0.0001	0.	1.
3.5652930189231307	0.0001	0.	1.
3.568879832825468	0.0001	0.	1.
3.572466646727805	0.0001	0.	1.
3.5760534606301424	0.0001	0.	1.
3.5796402745324793	0.0001	0.	1.
3.5832270884348167	0.0001	0.	1.