0.001 0.9999999562728893 6.32324528814388e-7
0.002 0.9999997014818619 3.888805616417043e-6
0.003 0.9999991922127661 9.869846020628126e-6
0.004 0.9999984262645097 1.838567322976651e-5
0.005 0.9999974016750786 2.9320967422652292e-5
0.006 0.9999961164571594 4.259413795318224e-5
0.007 0.9999945686025775 5.8142974145889226e-5
0.008 0.9999927560842155 7.591790348767459e-5
0.009000000000000001 0.9999906768566261 9.587825775478164e-5
0.01 0.9999883288562738 0.0001179899830873995
0.011 0.9999857100014221 0.00014222413339830693
0.012 0.9999828181921192 0.00016855582587751354
0.013000000000000001 0.9999796513099778 0.00019696348761788547
0.014 0.9999762072180584 0.0002274282941223218
0.015 0.999972483760684 0.000259933740066603
0.016 0.9999684787632153 0.00029446530392711844
0.017 0.9999641900319588 0.0003310101807959027
0.018000000000000002 0.9999596153539119 0.00036955706650578077
0.019 0.9999547524965335 0.00041009598067602804
0.02 0.9999495992076253 0.00045261811977621993
0.021 0.9999441532150608 0.0004971157341614139
0.022 0.9999384122266458 0.0005435820237846556
0.023 0.9999323739298281 0.0005920110494149082
0.024 0.9999260359915753 0.0006423976560685723
0.025 0.9999193960580841 0.0006947374069502646
0.026000000000000002 0.9999124517546184 0.000749026525725211
0.027 0.9999052006852769 0.0008052618460607569
0.028 0.9998976404327506 0.0008634407672092919
0.029 0.9998897685581423 0.0009235612146348708
0.03 0.9998815826006905 0.0009856216051381211
0.031 0.9998730800775965 0.0010496208156130563
0.032 0.9998642584837224 0.001115558155254448
0.033 0.9998551152914469 0.001183433340367822
0.034 0.9998456479503254 0.001253246471931303
0.035 0.9998358538869302 0.001324998015069179
0.036000000000000004 0.9998257305045783 0.0013986887806076674
0.037 0.9998152751831081 0.0014743199082194178
0.038 0.9998044852785434 0.0015518928512468504
0.039 0.999793358122996 0.0016314093624631943
0.04 0.9997818910242565 0.001712871481542883
0.041 0.9997700812656598 0.0017962815232176056
0.042 0.9997579261057238 0.0018816420666978256
0.043000000000000003 0.9997454227779122 0.001968955945724495
0.044 0.999732568490417 0.002058226239424626
0.045 0.9997193604258139 0.0021494562640408357
0.046 0.9997057957408169 0.0022426495651326948
0.047 0.9996918715660473 0.00233780991033708
0.048 0.9996775850056814 0.0024349412828646856
0.049 0.9996629331371905 0.0025340478753197626
0.05 0.9996479130110865 0.002635134084000285
0.051000000000000004 0.9996325216505636 0.002738204503720064
0.052000000000000005 0.9996167560512796 0.0028432639228123894
0.053 0.9996006131809921 0.002950317318665002
0.054 0.9995840899792723 0.0030593698535081437
0.055 0.9995671833572353 0.003170426870404169
0.056 0.9995498901971905 0.003283493889688976
0.057 0.9995322073523147 0.0033985766056084297
0.058 0.9995141316463885 0.0035156808830810685
0.059000000000000004 0.9994956598733924 0.003634812754884643
0.06 0.9994767887972784 0.003755978418792818
0.061 0.9994575151515512 0.003879184235177077
0.062 0.9994378356389905 0.004004436724577361
0.063 0.9994177469312991 0.004131742565551061
0.064 0.9993972456687104 0.004261108592713098
0.065 0.9993763284597165 0.004392541794751896
0.066 0.9993549918806739 0.004526049312773306
0.067 0.9993332324754621 0.0046616384386777635
0.068 0.9993110467550603 0.004799316613776779
0.069 0.9992884311973121 0.00493909142722315
0.07 0.9992653822464329 0.005080970614957783
0.07100000000000001 0.9992418963126586 0.005224962058530778
0.07200000000000001 0.9992179697719257 0.005371073783969189
0.073 0.9991935989653999 0.005519313960967114
0.074 0.9991687801992063 0.005669690901848425
0.075 0.9991435097438517 0.005822213061052382
0.076 0.9991177838339811 0.005976889034214804
0.077 0.9990915986679423 0.00613372755760088
0.078 0.9990649504073011 0.006292737507670503
0.079 0.9990378351765121 0.006453927900482343
0.08 0.9990102490624357 0.006617307891376775
0.081 0.9989821881139624 0.0067828867745693446
0.082 0.9989536483415143 0.006950673982968057
0.083 0.9989246257166982 0.007120679087830701
0.084 0.9988951161717395 0.00729291179877663
0.085 0.9988651155991705 0.0074673819634904935
0.08600000000000001 0.9988346198512353 0.007644099567870823
0.08700000000000001 0.9988036247395342 0.007823074735884767
0.088 0.998772126034504 0.008004317729690253
0.089 0.9987401194649523 0.008187838949726684
0.09 0.9987076007175887 0.008373648934847659
0.091 0.9986745654365295 0.00856175836252489
0.092 0.9986410092227542 0.00875217804916325
0.093 0.998606927633729 0.008944918950178425
0.094 0.9985723161827598 0.009139992160542326
0.095 0.9985371703385596 0.009337408915019036
0.096 0.998501485524719 0.009537180588579296
0.097 0.9984652571191612 0.009739318696872145
0.098 0.9984284804535802 0.009943834896736722
0.099 0.9983911508129859 0.01015074098658912
0.1 0.9983532634350631 0.010360048907101958
0.101 0.9983148135096446 0.010571770741751443
0.10200000000000001 0.9982757961781712 0.010785918717396498
0.10300000000000001 0.998236206533076 0.011002505204999503
0.10400000000000001 0.9981960396172711 0.011221542720215825
0.105 0.9981552904234675 0.011443043924249722
0.106 0.9981139538936394 0.011667021624521615
0.107 0.9980720249184296 0.011893488775439309
0.108 0.9980294983364802 0.012122458479299126
0.109 0.9979863689338675 0.012353943987058233
0.11 0.9979426314434421 0.012587958699248789
0.111 0.9978982805441811 0.012824516166907877
0.112 0.9978533108605847 0.013063630092459354
0.113 0.997807716961977 0.013305314330724712
0.114 0.9977614933618458 0.013549582889952299
0.115 0.9977146345172 0.013796449932781535
0.116 0.9976671348278396 0.014045929777376592
0.117 0.9976189886356887 0.014298036898484825
0.11800000000000001 0.9975701902240841 0.014552785928528614
0.11900000000000001 0.9975207338170919 0.01481019165876548
0.12 0.9974706135787184 0.015070269040528873
0.121 0.9974198236122509 0.01533303318632419
0.122 0.997368357959442 0.015598499371215184
0.123 0.9973162105998202 0.015866683033913382
0.124 0.9972633754498754 0.01613759977823935
0.125 0.9972098463623089 0.016411265374366484
0.126 0.9971556171252282 0.01668769576017818
0.127 0.9971006814614094 0.016966907042538577
0.128 0.997045033027372 0.01724891549893635
0.129 0.99698866541268 0.017533737578704706
0.13 0.996931572139037 0.017821389904633077
0.131 0.9968737466594405 0.018111889274439446
0.132 0.9968151823573469 0.018405252662296177
0.133 0.9967558725458017 0.01870149722033684
0.134 0.9966958104665327 0.019000640280318247
0.135 0.9966349892891396 0.01930269935509333
0.136 0.9965734021100378 0.019607692140495264
0.137 0.9965110419516888 0.019915636516780452
0.138 0.9964479017615407 0.020226550550536973
0.139 0.9963839744111934 0.020540452496237198
0.14 0.996319252695339 0.020857360798173824
0.14100000000000001 0.9962537293308409 0.021177294092181307
0.14200000000000002 0.9961873969557411 0.02150027120746235
0.14300000000000002 0.9961202481282206 0.021826311168514724
0.14400000000000002 0.9960522753256372 0.022155433196930398
0.145 0.9959834709434389 0.022487656713435784
0.146 0.9959138272941254 0.02282300133980143
0.147 0.9958433366062113 0.02316148690079096
0.148 0.9957719910231138 0.023503133426266122
0.149 0.9956997826020665 0.02384796115323076
0.15 0.9956267033130177 0.024195990527907007
0.151 0.9955527450374732 0.024547242207893807
0.152 0.9954778995673534 0.02490173706435205
0.153 0.995402158603852 0.02525949618415487
0.154 0.9953255137562504 0.025620540872140773
0.155 0.9952479565407173 0.02598489265338864
0.156 0.9951694783790551 0.026352573275575816
0.157 0.9950900705974978 0.026723604711280206
0.158 0.9950097244254544 0.027098009160368034
0.159 0.9949284309942557 0.027475809052392854
0.16 0.9948461813358002 0.027857027049135463
0.161 0.9947629663813103 0.028241686047015525
0.162 0.9946787769599529 0.028629809179687313
0.163 0.9945936037974852 0.02902141982062612
0.164 0.9945074375149132 0.02941654158569399
0.165 0.9944202686270938 0.0298151983358136
0.166 0.9943320875412772 0.0302174141797422
0.167 0.9942428845557433 0.03062321347669253
0.168 0.9941526498582282 0.031032620839286273
0.169 0.9940613735245705 0.03144566113619337
0.17 0.9939690455171066 0.03186235949514957
0.171 0.9938756556832016 0.032282741305802734
0.17200000000000001 0.9937811937536098 0.03270683222278601
0.17300000000000001 0.9936856493410711 0.03313465816848595
0.17400000000000002 0.9935890119385051 0.03356624533638653
0.17500000000000002 0.9934912709174996 0.0340016201940081
0.176 0.9933924155266741 0.03444080948604033
0.177 0.9932924348898917 0.03488384023769453
0.178 0.9931913180046996 0.03533073975775675
0.179 0.9930890537404682 0.03578153564206092
0.18 0.9929856308367006 0.036236255776738134
0.181 0.9928810379012533 0.03669492834160966
0.182 0.9927752634084858 0.037157581813673256
0.183 0.9926682956974064 0.0376242449706599
0.184 0.9925601229698653 0.03809494689446155
0.185 0.9924507332885713 0.038569716974905306
0.186 0.9923401145751989 0.039048584913320514
0.187 0.9922282546084262 0.03953158072629556
0.188 0.9921151410219172 0.04001873474948514
0.189 0.9920007613023134 0.04051007764140322
0.19 0.9918851027871438 0.04100564038739448
0.191 0.991768152662797 0.041505454303497204
0.192 0.9916498979622477 0.04200955104065895
0.193 0.9915303255631199 0.04251796258848111
0.194 0.991409422185244 0.04303072127978806
0.195 0.9912871743886007 0.043547859794510896
0.196 0.9911635685709385 0.04406941116417533
0.197 0.9910385909655278 0.04459540877618132
0.198 0.9909122276387602 0.045125886378222985
0.199 0.9907844644878706 0.045660878082634346
0.2 0.9906552872383718 0.0462004183712091
0.201 0.9905246814416806 0.046744542099612714
0.202 0.9903926324725576 0.04729328450221854
0.203 0.9902591255266227 0.04784668119675357
0.20400000000000001 0.990124145617743 0.04840476818915717
0.20500000000000002 0.9899876775753367 0.04896758187861579
0.20600000000000002 0.9898497060417923 0.04953515906242384
0.20700000000000002 0.9897102154696796 0.050107536941158305
0.20800000000000002 0.9895691901190394 0.05068475312373476
0.209 0.9894266140544735 0.05126684563280283
0.21 0.9892824711424 0.051853852909905226
0.211 0.9891367450480405 0.05244581382100345
0.212 0.9889894192325525 0.05304276766184553
0.213 0.9888404769499253 0.05364475416368816
0.214 0.988689901244006 0.054251813498812224
0.215 0.9885376749453268 0.054863986286384094
0.216 0.9883837806679922 0.055481313598199175
0.217 0.9882282008063966 0.056103836964741645
0.218 0.9880709175319962 0.05673159838113457
0.219 0.9879119127899559 0.05736464031332799
0.22 0.9877511682957125 0.05800300570438566
0.221 0.9875886655316917 0.05864673798054342
0.222 0.9874243857435724 0.059295881058004256
0.223 0.9872583099369018 0.059950479349189664
0.224 0.9870904188733739 0.06061057776952897
0.225 0.9869206930671249 0.0612762217442087
0.226 0.9867491127810641 0.06194745721491912
0.227 0.9865756580229318 0.06262433064697125
0.228 0.9864003085415302 0.06330688903622071
0.229 0.9862230438226527 0.06399517991641342
0.23 0.9860438430851238 0.06468925136639843
0.231 0.985862685276691 0.06538915201756827
0.232 0.9856795490697899 0.06609493106153283
0.233 0.9854944128574157 0.06680663825760912
0.234 0.9853072547486565 0.06752432394082111
0.23500000000000001 0.9851180525644214 0.06824803902965643
0.23600000000000002 0.9849267838329091 0.0689778350342464
0.23700000000000002 0.9847334257849834 0.06971376406459794
0.23800000000000002 0.9845379553496799 0.07045587883874183
0.23900000000000002 0.9843403491493763 0.07120423269135748
0.24 0.9841405834949501 0.07195887958243917
0.241 0.9839386343810169 0.0727198741058678
0.242 0.9837344774808052 0.0734872714985139
0.243 0.9835280881411794 0.07426112764913931
0.244 0.9833194413774423 0.07504149910765538
0.245 0.9831085118680267 0.07582844309452776
0.246 0.9828952739492074 0.07662201751021779
0.247 0.9826797016095794 0.07742228094495691
0.248 0.982461768484586 0.0782292926884392
0.249 0.9822414478508006 0.07904311273993256
0.25 0.9820187126201666 0.07986380181840719
0.251 0.9817935353341462 0.0806914213728809
0.252 0.9815658881577461 0.0815260335929619
0.253 0.9813357428734072 0.08236770141957155
0.254 0.9811030708747929 0.08321648855586437
0.255 0.9808678431605193 0.08407245947821351
0.256 0.980630030327674 0.08493567944754439
0.257 0.9803896025652974 0.08580621452069019
0.258 0.980146529647672 0.08668413156216613
0.259 0.9799007809275183 0.08756949825595499
0.26 0.9796523253290996 0.08846238311756412
0.261 0.9794011313410969 0.0893628555063288
0.262 0.9791471670094751 0.09027098563786784
0.263 0.9788903999300879 0.09118684459680017
0.264 0.9786307972412558 0.09211050434964071
0.265 0.9783683256160908 0.09304203775799787
0.266 0.9781029512547799 0.09398151859188812
0.267 0.9778346398766651 0.0949290215433331
0.268 0.9775633567121469 0.09588462224030538
0.269 0.9772890664945231 0.09684839726063954
0.27 0.9770117334516085 0.09782042414643377
0.271 0.9767313212971067 0.09880078141883011
0.272 0.9764477932219711 0.09978954859264497
0.273 0.9761611118855755 0.10078680619147957
0.274 0.9758712394065797 0.10179263576323923
0.275 0.9755781373537399 0.10280711989573556
0.276 0.9752817667364775 0.10383034223264279
0.277 0.9749820879953228 0.10486238748967842
0.278 0.9746790609921543 0.10590334147106754
0.279 0.9743726450001862 0.10695329108640826
0.28 0.9740627986938277 0.10801232436769963
0.281 0.9737494801383183 0.10908053048681784
0.28200000000000003 0.9734326467791554 0.11015799977320648
0.28300000000000003 0.973112255431254 0.11124482373200541
0.28400000000000003 0.972788262268029 0.11234109506230014
0.28500000000000003 0.9724606228101146 0.11344690767596481
0.28600000000000003 0.9721292919139777 0.11456235671648322
0.28700000000000003 0.9717942237602272 0.1156875385784262
0.28800000000000003 0.9714553718417178 0.11682255092715353
0.289 0.9711126889513312 0.11796749271914417
0.29 0.9707661271696556 0.11912246422221155
0.291 0.9704156378523218 0.12028756703643756
0.292 0.9700611716171029 0.12146290411539362
0.293 0.9697026783307368 0.1226485797877386
0.294 0.9693401070955152 0.12384469977923449
0.295 0.9689734062356115 0.1250513712350588
0.296 0.9686025232830372 0.1262687027427628
0.297 0.968227404963383 0.12749680435545166
0.298 0.9678479971812917 0.12873578761539967
0.299 0.9674642450055757 0.12998576557820996
0.3 0.9670760926540479 0.13124685283733872
0.301 0.966683483477967 0.13251916554920343
0.302 0.9662863599464101 0.13380282145838457
0.303 0.965884663629958 0.13509793992388575
0.304 0.9654783351842865 0.1364046419454527
0.305 0.9650673143333424 0.13772305019042397
0.306 0.9646515398522012 0.1390532890211547
0.307 0.9642309495495412 0.14039548452304687
0.308 0.9638054802497379 0.14174976453288324
0.309 0.9633750677745098 0.14311625866806876
0.31 0.9629396469244879 0.1444950983556773
0.311 0.9624991514599593 0.1458864168629383
0.312 0.9620535140814804 0.1472903493277458
0.313 0.9616026664100291 0.14870703278992123
0.314 0.9611465389666803 0.15013660622294742
0.315 0.960685061151912 0.15157921056642049
0.316 0.9602181612244234 0.15303498875906624
0.317 0.9597457662795654 0.15450408577230246
0.318 0.9592678022271707 0.1559866486446237
0.319 0.9587841937691552 0.157482826516292
0.32 0.9582948643763124 0.15899277066504794
0.321 0.9577997362649344 0.16051663454228682
0.322 0.9572987303726523 0.16205457381006622
0.323 0.9567917663339273 0.16360674637860925
0.324 0.9562787624549763 0.16517331244461117
0.325 0.9557596356880148 0.16675443453047692
0.326 0.955234301605261 0.16835027752380016
0.327 0.9547026743719634 0.16996100871817893
0.328 0.9541646667192253 0.17158679785423528
0.329 0.9536201899159118 0.17322781716199973
0.33 0.9530691537401893 0.17488424140325512
0.331 0.9525114664503245 0.17655624791546656
0.332 0.9519470347548362 0.1782440166563134
0.333 0.951375763781916 0.17994773024914318
0.334 0.950797557048364 0.18166757402893946
0.335 0.9502123164277272 0.18340373608941707
0.336 0.9496199421177589 0.18515640733084063
0.337 0.9490203326071528 0.18692578150883501
0.338 0.9484133846414797 0.18871205528423843
0.339 0.9477989931884546 0.19051542827354273
0.34 0.9471770514023904 0.19233610310060126
0.341 0.9465474505879087 0.19417428544904486
0.342 0.9459100801627331 0.1960301841158406
0.343 0.945264827619741 0.19790401106581307
0.34400000000000003 0.9446115784882312 0.19979598148697877
0.34500000000000003 0.943950216294072 0.20170631384735108
0.34600000000000003 0.9432806225192252 0.20363522995218367
0.34700000000000003 0.9426026765602622 0.20558295500262208
0.34800000000000003 0.9419162556858595 0.20754971765562896
0.34900000000000003 0.9412212349935692 0.2095357500841675
0.35000000000000003 0.9405174873653447 0.21154128803948088
0.35100000000000003 0.939804883422272 0.2135665709138392
0.352 0.9390832914781647 0.21561184180454
0.353 0.9383525774921131 0.2176773475793532
0.354 0.9376126050199455 0.21976333894298786
0.355 0.9368632351648618 0.22187007050408528
0.356 0.9361043265266198 0.2239978008442324
0.357 0.9353357351495047 0.2261467925881343
0.358 0.9345573144696593 0.22831731247415835
0.359 0.9337689152605341 0.2305096314271642
0.36 0.9329703855777319 0.23272402463163783
0.361 0.9321615707020696 0.23496077160674927
0.362 0.9313423130817702 0.23722015628227602
0.363 0.9305124522730812 0.23950246707588901
0.364 0.9296718248797285 0.24180799697162908
0.365 0.928820264490735 0.2441370436000543
0.366 0.9279576016171399 0.24648990931923073
0.367 0.9270836636272555 0.24886690129685787
0.368 0.9261982746801367 0.2512683315944196
0.369 0.9253012556581077 0.25369451725156106
0.37 0.9243924240970335 0.256145780373068
0.371 0.9234715941157358 0.25862244821594293
0.372 0.9225385763434152 0.2611248532784355
0.373 0.921593177845567 0.2636533333899972
0.374 0.92063520204829 0.26620823180268294
0.375 0.9196644486606506 0.2687898972839458
0.376 0.91868071359576 0.2713986842102804
0.377 0.9176837888895826 0.274034952662564
0.378 0.9166734626183844 0.27669906852220216
0.379 0.9156495188137076 0.27939140356928344
0.38 0.9146117373765084 0.28211233558035526
0.381 0.9135598939886411 0.2848622484284765
0.382 0.9124937600222336 0.28764153218465965
0.383 0.9114131024477345 0.29045058321927686
0.384 0.910317683739488 0.2932898043053488
0.385 0.9092072617791618 0.2961596047229297
0.386 0.9080815897576476 0.29906040036339193
0.387 0.9069404160745765 0.301992613835208
0.388 0.9057834842351887 0.3049566745710586
0.389 0.9046105327457424 0.30795301893482385
0.39 0.903421295006644 0.3109820903289666
0.391 0.9022154992024609 0.3140443393042392
0.392 0.9009928681908004 0.31714022366780326
0.393 0.8997531193879323 0.3202702085929825
0.394 0.8984959646527945 0.3234347667286587
0.395 0.8972211101681479 0.3266343783090233
0.396 0.8959282563196399 0.329869531263324
0.397 0.894617097571862 0.33314072132588146
0.398 0.8932873223427833 0.33644845214488467
0.399 0.8919386128751096 0.33979323539170386
0.4 0.8905706451054642 0.3431755908685644
0.401 0.8891830885308664 0.3465960466162046
0.402 0.8877756060726887 0.35005513902054614
0.403 0.8863478539381427 0.3535534129173542
0.404 0.8848994814794536 0.3570914216958155
0.405 0.883430131049951 0.3606697274007213
0.406 0.8819394378582713 0.3642889008313221
0.40700000000000003 0.8804270298195779 0.36794952163929107
0.40800000000000003 0.8788925274045813 0.3716521784229151
0.40900000000000003 0.87733554348556 0.37539746881925656
0.41000000000000003 0.8757556831802861 0.3791859995921178
0.41100000000000003 0.8741525436935301 0.38301838671637956
0.41200000000000003 0.8725257141562384 0.3868952554577435
0.41300000000000003 0.8708747754622188 0.3908172404480289
0.41400000000000003 0.8691993001020455 0.3947849857563893
0.41500000000000004 0.8674988519955249 0.39879914495333973
0.41600000000000004 0.8657729863222214 0.40286038116732054
0.417 0.8640212493485332 0.40696936713819154
0.418 0.8622431782536591 0.4111267852607462
0.419 0.8604383009545699 0.4153333276185011
0.42 0.8586061359273045 0.4195896960126647
0.421 0.8567461920279145 0.4238966019785683
0.422 0.8548579683122445 0.42825476679102
0.423 0.8529409538534353 0.4326649214607711
0.424 0.8509946275592701 0.4371278067165113
0.425 0.8490184579889377 0.4416441729734124
0.426 0.847011903167331 0.44621478029051453
0.427 0.8449744104008092 0.45084039830904526
0.428 0.8429054160922002 0.4555218061758797
0.429 0.8408043455561216 0.46025979244870835
0.43 0.8386706128358643 0.4650551549805403
0.431 0.8365036205193617 0.46990870078624636
0.432 0.8343027595577388 0.47482124588589125
0.433 0.8320674090860497 0.4797936151227452
0.434 0.8297969362446165 0.48482664195873626
0.435 0.827490696005129 0.4899211682403708
0.436 0.8251480309998164 0.49507804393535765
0.437 0.8227682713535285 0.5002981268403874
0.438 0.8203507345217962 0.5055822822538234
0.439 0.8178947251332536 0.5109313826138874
0.44 0.8153995348390437 0.5163463070991656
0.441 0.8128644421687764 0.5218279411888757
0.442 0.8102887123953388 0.527377176179663
0.443 0.8076715974069119 0.5329949086579969
0.444 0.8050123355905235 0.5386820399232267
0.445 0.8023101517267145 0.5444394753589815
0.446 0.7995642568951331 0.5502681237514925
0.447 0.7967738483952815 0.5561688965483713
0.448 0.7939381096815312 0.5621427070569369
0.449 0.7910562103141384 0.5681904695782322
0.45 0.7881273059310305 0.574313098468182
0.451 0.7851505382359137 0.5805115071305506
0.452 0.7821250350096316 0.5867866069311726
0.453 0.7790499101455783 0.5931393060292764
0.454 0.775924263710102 0.5995705081245547
0.455 0.7727471820319354 0.6060811111105361
0.456 0.7695177378203294 0.6126720056363539
0.457 0.7662349903174804 0.6193440735635869
0.458 0.7628979854854299 0.6260981863198148
0.459 0.7595057562324439 0.6329352031380272
0.46 0.7560573226805681 0.6398559691790588
0.461 0.7525516924765903 0.6468613135324555
0.462 0.7489878611532764 0.6539520470853091
0.463 0.7453648125409548 0.6611289602559307
0.464 0.741681519235439 0.668392820586242
0.465 0.737936943123262 0.6757443701876245
0.466 0.7341300359744721 0.6831843230267653
0.467 0.7302597401008826 0.6907133620525799
0.468 0.7263249890894421 0.6983321361534275
0.46900000000000003 0.7223247086116203 0.7060412569403703
0.47000000000000003 0.7182578173186689 0.7138412953442203
0.47100000000000003 0.71412322782344 0.7217327780273337
0.47200000000000003 0.7099198477794729 0.7297161835942004
0.47300000000000003 0.7056465810571309 0.7377919386058324
0.47400000000000003 0.7013023290320862 0.7459604133748833
0.47500000000000003 0.6968859919811062 0.7542219175543073
0.47600000000000003 0.6923964706041816 0.7625766954952571
0.47700000000000004 0.6878326676695801 0.7710249213852592
0.47800000000000004 0.6831934897979821 0.7795666941429211
0.47900000000000004 0.6784778493870797 0.7882020320807479
0.48 0.6736846666854175 0.7969308673263642
0.481 0.6688128720276021 0.80575303999202
0.482 0.6638614082332192 0.8146682920975896
0.483 0.6588292331848074 0.8236762612417435
0.484 0.653715322586021 0.8327764740215565
0.485 0.648518672914335 0.8419683392017075
0.486 0.643238304576149 0.8512511406297596
0.487 0.6378732652708996 0.8606240299099385
0.488 0.6324226335744878 0.8700860188319398
0.489 0.6268855227540472 0.8796359715646113
0.49 0.621261084811582 0.8892725966283668
0.491 0.6155485147810318 0.8989944386487375
0.492 0.6097470552723556 0.9087998699112515
0.493 0.6038560012811518 0.918687081733709
0.494 0.5978747052626399 0.928654075671002
0.495 0.5918025824817363 0.9386986545829984
0.496 0.5856391166413527 0.9488184135842269
0.497 0.579383865797793 0.959010730909317
0.498 0.573036468563786 0.9692727587258568
0.499 0.5665966505994469 0.9796014139410183
0.5 0.5600642314002642 0.9899933690285084
0.501 0.553439131369705 1.0004450429373954
0.502 0.5467213791807302 1.0109525921379936
0.503 0.539911119424656 1.021511901839039
0.504 0.5330086205266282 1.0321185774674198
0.505 0.5260142829336663 1.042767936460112
0.506 0.5189286475501949 1.0534550004475334
0.507 0.5117524044064823 1.064174487907601
0.508 0.5044864015427619 1.0749208073747167
0.509 0.4971316540838797 1.0856880512853069
0.51 0.48968935346665954 1.0964699905743949
0.511 0.48216087680145203 1.1072600700958428
0.512 0.4745477963073167 1.1180514050055665
0.513 0.4668518888041518 1.1288367781810813
0.514 0.45907514517653714 1.1396086388113946
0.515 0.4512197797777654 1.1503591022667992
0.516 0.44328823969585807 1.161079951372938
0.517 0.43528321381097823 1.1717626392018308
0.518 0.42720764156988655 1.1823982934874047
0.519 0.41906472137649164 1.1929777228174885
0.52 0.410857918512995 1.2034914246857773
0.521 0.40259097204906896 1.2139295959521568
0.522 0.39426790244127635 1.2242821440353544
0.523 0.3858930168077977 1.2345387017042342
0.524 0.3774709138194893 1.2446886438890945
0.525 0.36900648743111775 1.25472110658791
0.526 0.3605049295181231 1.2646250082296835
0.527 0.3519717306896685 1.2743890738086519
0.528 0.34341268063689095 1.2840018606568426
0.529 0.33483386539073656 1.2934517879972722
0.53 0.32624166323253057 1.3027271682784478
0.531 0.3176427386500855 1.3118162412292027
0.532 0.3090440339200482 1.3207072101934236
0.533 0.30045275823677153 1.3293882810219673
0.534 0.2918763739922453 1.3378477032955765
0.535 0.28332258073048533 1.3460738132713537
0.536 0.27479929678389725 1.3540550783893535
0.537 0.2663146363077964 1.3617801450038436
0.538 0.2578768842837617 1.369237886301781
0.539 0.24949446803537273 1.3764174519771364
0.54 0.24117592521210912 1.3833083190212605
0.541 0.23292987070519278 1.389900341413392
0.542 0.22476495766338378 1.3961838026024926
0.543 0.21668983696503374 1.402149466339372
0.544 0.20871311416548222 1.4077886272316786
0.545 0.2008433038197509 1.4130931601583914
0.546 0.19308878189782064 1.4180555685606178
0.547 0.18545773669318388 1.422669030588863
0.548 0.17795811874390338 1.4269274431395298
0.549 0.17059759035365107 1.4308254630899122
0.55 0.16338347550965832 1.4343585452850245
0.551 0.15632271071645204 1.4375229769596047
0.552 0.14942179783005832 1.440315908197773
0.553 0.1426867593992014 1.4427353778552157
0.554 0.13612309756940266 1.4447803349800477
0.555 0.12973575704612056 1.4464506550095262
0.556 0.12352909308158966 1.4477471508930018
0.557 0.11750684496994313 1.4486715786195732
0.558 0.11167211561876622 1.449226637158618
0.559 0.1060273576149745 1.4494159626664442
0.56 0.10057436607471898 1.4492441170206427
0.561 0.09531427836192091 1.448716570653703
0.562 0.09024758060368876 1.4478396797116038
0.5630000000000001 0.08537412085062857 1.4466206578325622
0.5640000000000001 0.0806931284967049 1.4450675426760657
0.5650000000000001 0.07620323945770152 1.4431891574758977
0.5660000000000001 0.07190252653154144 1.4409950680113721
0.5670000000000001 0.06778853421849523 1.4384955352889597
0.5680000000000001 0.06385831725155916 1.4357014644334212
0.5690000000000001 0.060108482030885424 1.4326243502022291
0.5700000000000001 0.05653523015056555 1.429276219629025
0.5710000000000001 0.053134403224484206 1.4256695723141573
0.5720000000000001 0.04990152825070676 1.4218173188933438
0.5730000000000001 0.046831862810392644 1.4177327182259944
0.5740000000000001 0.04392043946786045 1.4134293138473064
0.5750000000000001 0.04116210881792404 1.4089208702216176
0.5760000000000001 0.03855158071150633 1.4042213093097198
0.577 0.0360834632842893 1.399344648016244
0.578 0.03375229948522723 1.3943049368918348
0.579 0.031552600900549066 1.3891162006232698
0.58 0.029478878735025693 1.383792380707083
0.581 0.027525671881427405 1.3783472806727275
0.582 0.025687572069828413 1.3727945141932696
0.583 0.023959246138406387 1.3671474563718904
0.584 0.02233545550841326 1.3614191984472903
0.585 0.02081107297951601 1.3556225061141305
0.586 0.019381096986609003 1.3497697816080818
0.587 0.01804066347689226 1.3438730296600307
0.588 0.016785055577966446 1.337943827378937
0.589 0.01560971123423921 1.3319932980817415
0.59 0.014510228990572305 1.3260320890484854
0.591 0.013482372100567352 1.3200703531442681
0.592 0.0125220711324171 1.3141177342167172
0.593 0.011625425238362797 1.308183356147025
0.594 0.01078870224567674 1.302275815407243
0.595 0.010008337717428595 1.296403176952673
0.596 0.009280933121347812 1.2905729732608726
0.597 0.008603253234710895 1.2847922063124821
0.598 0.007972222902473625 1.2790673522978953
0.599 0.007384923255517761 1.2734043688254848
0.6 0.006838587486130088 1.2678087044019783
0.601 0.006330596267676014 1.262285309953744
0.602 0.0058584728966575295 1.2568386521581147
0.603 0.005419878226753105 1.2514727283571698
0.604 0.005012605456101993 1.2461910828311122
0.605 0.004634574822055426 1.2409968242163183
0.606 0.004283828250586652 1.2358926438615092
0.607 0.003958524001255126 1.2308808349245102
0.608 0.003656931343135217 1.2259633120254199
0.609 0.003377425291742342 1.2211416312814543
0.61 0.0031184814324897725 1.2164170105654881
0.611 0.002878670851883869 1.2117903498348725
0.612 0.002656655194400892 1.2072622513815943
0.613 0.0024511818581460787 1.2028330399347138
0.614 0.0022610793418286756 1.198502782440314
0.615 0.00208525275081628 1.194271307458467
0.616 0.0019226794689112259 1.1901382240853868
0.617 0.0017724049999458535 1.186102940327911
0.618 0.001633538981772542 1.182164680868802
0.619 0.001505251373687455 1.1783225041742726
0.62 0.0013867688168565095 1.1745753188986152
0.621 0.001277371166698793 1.1709218995428088
0.622 0.0011763881940435872 1.1673609013873185
0.623 0.0010831964527380777 1.1638908746300223
0.624 0.0009972163094923436 1.1605102777504477
0.625 0.000917909131658845 1.1572174900921879
0.626 0.0008447746282876367 1.154010823667044
0.627 0.0007773483392273239 1.1508885341992188
0.628 0.0007151992673669616 1.147848831375265
0.629 0.0006579276477637341 1.1448898884009666
0.63 0.0006051628485534422 1.1420098508402095
0.631 0.0005565613982790873 1.1392068447159678
0.632 0.0005118051334390139 1.1364789839720941
0.633 0.0004705994615738507 1.1338243772432
0.634 0.0004326717321953 1.1312411340933668
0.635 0.00039776971209787293 1.1287273706269725
0.636 0.0003656601615370514 1.1262812144619527
0.637 0.00033612749778721973 1.1239008093745515
0.638 0.00030897255676270996 1.1215843191705204
0.639 0.0002840114262553928 1.1193299313740674
0.64 0.000261074366408931 1.1171358602607175
0.641 0.00024000479985375467 1.1150003496217078
0.642 0.00022065837005802447 1.1129216751540503
0.643 0.00020290207472478672 1.1108981462385754
0.644 0.00018661344209019992 1.1089281077985276
0.645 0.00017167977497201115 1.1070099415805175
0.646 0.00015799744258282455 1.1051420672963865
0.647 0.00014547122043484517 1.1033229434244725
0.648 0.000134013669938704 1.101551067766641
0.649 0.00012354455399243847 1.0998249779552633
0.65 0.00011399028919439891 1.0981432515814116
0.651 0.00010528341848975442 1.09650450629284
0.652 9.736210492133912e-5 1.0949073996794005
0.653 9.01696360008919e-5 1.0933506291056978
0.654 8.365395527126784e-5 1.0918329311905997
0.655 7.776716783586268e-5 1.0903530815849474
0.656 7.246508269720398e-5 1.088909894176674
0.657 6.770673162659335e-5 1.0875022206560174
0.658 6.345390603168521e-5 1.0861289497465547
0.659 5.9670713941029074e-5 1.0847890064401573
0.66 5.632315495551765e-5 1.0834813512632682
0.661 5.337875583427687e-5 1.082204979384317
0.662 5.0806265656233585e-5 1.0809589197947522
0.663 4.8575435669495626e-5 1.0797422344352536
0.664 4.665690061694816e-5 1.0785540172637156
0.665 4.502215448043412e-5 1.0773933933583097
0.666 4.364362315961712e-5 1.0762595180008017
0.667 4.249480135160022e-5 1.0751515757708197
0.668 4.155043664039182e-5 1.0740687795501007
0.669 4.078672297730401e-5 1.0730103696944908
0.67 4.0181474892708735e-5 1.0719756130874716
0.671 3.971426413784673e-5 1.0709638022517636
0.672 3.936649937014147e-5 1.0699742544945081
0.673 3.9121452137413915e-5 1.0690063110349777
0.674 3.8964227534965534e-5 1.0680593361655715
0.675 3.888168617433019e-5 1.0671327164086448
0.676 3.886233923106053e-5 1.0662258597316252
0.677 3.8896212078864956e-5 1.0653381947763827
0.678 3.8974703584382375e-5 1.0644691700142923
0.679 3.909043811256563e-5 1.0636182530991563
0.68 3.923711837500177e-5 1.062784930150159
0.681 3.940939027885504e-5 1.0619687050182869
0.682 3.9602717157694034e-5 1.0611690986410558
0.683 3.981326496532711e-5 1.0603856483578122
0.684 4.003780045352956e-5 1.059617907158007
0.685 4.02736023694672e-5 1.0588654436400637
0.686 4.051838286978082e-5 1.058127841003657
0.687 4.0770220986863226e-5 1.0574046962641535
0.6880000000000001 4.102750466083993e-5 1.0566956198898634
0.6890000000000001 4.1288882577927843e-5 1.056000235406105
0.6900000000000001 4.155322203930334e-5 1.055318178794105
0.6910000000000001 4.181957278631687e-5 1.0546490980618923
0.6920000000000001 4.208713876707737e-5 1.05399265279775
0.6930000000000001 4.235525157625375e-5 1.0533485137005014
0.6940000000000001 4.262335047039434e-5 1.0527163621705176
0.6950000000000001 4.289096498621969e-5 1.0520958898953647
0.6960000000000001 4.315770028145982e-5 1.0514867984587108
0.6970000000000001 4.342322463030124e-5 1.0508887989709186
0.6980000000000001 4.368725824277497e-5 1.050301611706508
0.6990000000000001 4.394956537534522e-5 1.0497249657635848
0.7000000000000001 4.42099477093727e-5 1.049158598728236
0.7010000000000001 4.4468236967742936e-5 1.0486022563256228
0.7020000000000001 4.472429002577716e-5 1.048055692048684
0.7030000000000001 4.497798739050429e-5 1.0475186671389052
0.704 4.522922674621288e-5 1.046990950170319
0.705 4.5477922093584144e-5 1.0464723167730166
0.706 4.5723998759350515e-5 1.0459625493446536
0.707 4.5967393573931314e-5 1.0454614368835562
0.708 4.620805270938444e-5 1.044968774469829
0.709 4.6445930680039105e-5 1.044484363315241
0.71 4.6680986086289344e-5 1.0440080104743714
0.711 4.691318529348454e-5 1.0435395288497877
0.712 4.714250007736842e-5 1.0430787366549321
0.713 4.736890537898608e-5 1.042625457370037
0.714 4.759237986345921e-5 1.042179519562186
0.715 4.781290546168604e-5 1.0417407567087598
0.716 4.803046669660249e-5 1.04130900702631
0.717 4.82450497782394e-5 1.040884113311321
0.718 4.845664432745478e-5 1.040465922788536
0.719 4.86652415081501e-5 1.0400542869570266
0.72 4.887083367843825e-5 1.0396490614490332
0.721 4.9073414664868586e-5 1.0392501058932169
0.722 4.9272979632974945e-5 1.0388572837813306
0.723 4.9469525550183135e-5 1.0384704623421475
0.724 4.9663049621506694e-5 1.0380895124194385
0.725 4.9853550985523576e-5 1.0377143083531195
0.726 5.004102956546186e-5 1.037344727866917
0.727 5.0225485649313395e-5 1.0369806519641567
0.728 5.0406920319601145e-5 1.0366219648169916
0.729 5.058533542851018e-5 1.0362685536693739
0.73 5.07607343576133e-5 1.0359203087396918
0.731 5.0933120058216375e-5 1.035577123127858
0.732 5.110249728040861e-5 1.0352388927221978
0.733 5.1268870945753164e-5 1.0349055161167142
0.734 5.143224627773835e-5 1.034576894526782
0.735 5.1592628956931286e-5 1.0342529317075306
0.736 5.175002594415279e-5 1.0339335338779612
0.737 5.1904445020400924e-5 1.0336186096438866
0.738 5.205589371354291e-5 1.033308069929144
0.739 5.220438093489488e-5 1.0330018279026913
0.74 5.2349914779370454e-5 1.0326997989136748
0.741 5.249250422345586e-5 1.0324019004242475
0.742 5.263215848810843e-5 1.0321080519511399
0.743 5.276888759875309e-5 1.0318181750012376
0.744 5.290270185565049e-5 1.0315321930152554
0.745 5.303361265052153e-5 1.0312500313096655
0.746 5.3161631021647615e-5 1.0309716170248466
0.747 5.328676953264555e-5 1.030696879070075
0.748 5.34090406323906e-5 1.0304257480732824
0.749 5.3528455929652274e-5 1.0301581563321078
0.75 5.3645028188498145e-5 1.0298940377676062
0.751 5.3758770916456644e-5 1.0296333278759628
0.752 5.3869697898112356e-5 1.0293759636847968
0.753 5.397782298127707e-5 1.0291218837095226
0.754 5.408316007848857e-5 1.0288710279145157
0.755 5.4185723255162355e-5 1.0286233376693357
0.756 5.428552775282869e-5 1.028378755711028
0.757 5.438258958856412e-5 1.028137226106328
0.758 5.447692331350673e-5 1.027898694214232
0.759 5.456854521496135e-5 1.0276631066540491
0.76 5.4657471012464764e-5 1.0274304112671333
0.761 5.474371726149618e-5 1.027200557084474
0.762 5.4827299875659374e-5 1.026973494296333
0.763 5.490823553344626e-5 1.0267491742178165
0.764 5.498654139718395e-5 1.0265275492598882
0.765 5.5062234424085865e-5 1.0263085729025427
0.766 5.513533232803791e-5 1.026092199665171
0.767 5.5205852422690604e-5 1.0258783850772077
0.768 5.527381270331588e-5 1.0256670856529617
0.769 5.533923076161962e-5 1.0254582588649217
0.77 5.5402124686299015e-5 1.0252518631184524
0.771 5.546251297477989e-5 1.0250478577285582
0.772 5.5520413975274074e-5 1.0248462028958774
0.773 5.557584736720633e-5 1.0246468596831177
0.774 5.5628831143572643e-5 1.024449789992981
0.775 5.567938364492431e-5 1.024254956546999
0.776 5.57275242580868e-5 1.0240623228641677
0.777 5.577327233469154e-5 1.0238718532415887
0.778 5.581664696518995e-5 1.0236835127320338
0.779 5.585766777982393e-5 1.0234972671269633
0.78 5.589635441055618e-5 1.0233130829371313
0.781 5.5932726111151965e-5 1.0231309273750095
0.782 5.596680272290655e-5 1.0229507683376544
0.783 5.5998604013063336e-5 1.0227725743887919
0.784 5.602814983179938e-5 1.0225963147423176
0.785 5.605546051834498e-5 1.0224219592467072
0.786 5.608055551414859e-5 1.0222494783686948
0.787 5.61034555969786e-5 1.022078843177907
0.788 5.612418027056698e-5 1.0219100253318711
0.789 5.614275029475202e-5 1.0217429970619152
0.79 5.6159186088644564e-5 1.0215777311606826
0.791 5.617350780701136e-5 1.021414200967404
0.792 5.61857353589823e-5 1.0212523803538607
0.793 5.619588948657661e-5 1.0210922437121381
0.794 5.620399001909915e-5 1.0209337659422277
0.795 5.621005760070297e-5 1.0207769224404577
0.796 5.6214113017372114e-5 1.0206216890866335
0.797 5.6216176514689575e-5 1.0204680422330623
0.798 5.621626836921356e-5 1.0203159586933457
0.799 5.62144091214023e-5 1.0201654157322202
0.8 5.6210619249486005e-5 1.0200163910530013
0.801 5.620491927338378e-5 1.0198688627891215
0.802 5.6197329455720535e-5 1.0197228094938773
0.803 5.6187869856838546e-5 1.0195782101295157
0.804 5.617656119438763e-5 1.0194350440587234
0.805 5.616342384345829e-5 1.0192932910346926
0.806 5.614847795087918e-5 1.019152931192519
0.807 5.6131743857046335e-5 1.0190139450414684
0.808 5.611324184784383e-5 1.018876313455878
0.809 5.609299213082952e-5 1.0187400176656851
0.81 5.607101437121731e-5 1.0186050392484007
0.811 5.604732803377033e-5 1.0184713601227884
0.812 5.602195423776157e-5 1.0183389625421875
0.8130000000000001 5.599491315289029e-5 1.0182078290822318
0.8140000000000001 5.596622497550108e-5 1.018077942637484
0.8150000000000001 5.593591042274415e-5 1.017949286413183
0.8160000000000001 5.590398900739979e-5 1.0178218439190554
0.8170000000000001 5.587048058197652e-5 1.0176955989613794
0.8180000000000001 5.583540451742364e-5 1.0175705356378903
0.8190000000000001 5.579878041944708e-5 1.0174466383302543
0.8200000000000001 5.57606278932532e-5 1.0173238916981227
0.8210000000000001 5.5720966499639424e-5 1.0172022806722119
0.8220000000000001 5.5679816680309635e-5 1.0170817904517253
0.8230000000000001 5.563719736539907e-5 1.016962406494021
0.8240000000000001 5.559312706832076e-5 1.016844114512228
0.8250000000000001 5.554762491166709e-5 1.0167269004680972
0.8260000000000001 5.5500710319456026e-5 1.0166107505667978
0.8270000000000001 5.5452402578259896e-5 1.0164956512520595
0.8280000000000001 5.540272048265571e-5 1.0163815892005976
0.8290000000000001 5.5351682839932526e-5 1.0162685513185687
0.8300000000000001 5.529930847558706e-5 1.0161565247356645
0.8310000000000001 5.5245616104759865e-5 1.0160454968007226
0.8320000000000001 5.519062428821497e-5 1.0159354550765554
0.833 5.513435185355853e-5 1.0158263873363877
0.834 5.507681705890777e-5 1.0157182815579924
0.835 5.501803790902704e-5 1.0156111259213592
0.836 5.4958032882468366e-5 1.0155049088034642
0.837 5.4896820247896105e-5 1.0153996187725962
0.838 5.483441774806197e-5 1.0152952445878556
0.839 5.477084270766319e-5 1.0151917751924107
0.84 5.4706113107705345e-5 1.0150891997101856
0.841 5.464024644408205e-5 1.0149875074430466
0.842 5.457326002011875e-5 1.014886687867339
0.843 5.4505171377783324e-5 1.0147867306304261
0.844 5.443599820503797e-5 1.0146876255440291
0.845 5.436575741918359e-5 1.0145893625854947
0.846 5.4294466289572796e-5 1.0144919318921999
0.847 5.42221416360289e-5 1.0143953237582946
0.848 5.414880014098511e-5 1.0142995286324605
0.849 5.407445859573201e-5 1.0142045371135933
0.85 5.3999133590054704e-5 1.0141103399492666
0.851 5.392284147370807e-5 1.0140169280315952
0.852 5.384559878596207e-5 1.0139242923953449
0.853 5.376742163953896e-5 1.0138324242147747
0.854 5.368832620677999e-5 1.0137413148002137
0.855 5.3608328464183064e-5 1.0136509555959705
0.856 5.352744413256172e-5 1.0135613381777466
0.857 5.3445688969366856e-5 1.0134724542507036
0.858 5.336307853309741e-5 1.013384295646088
0.859 5.327962827827992e-5 1.013296854319176
0.86 5.3195353644341914e-5 1.0132101223467223
0.861 5.3110269947698185e-5 1.0131240919246594
0.862 5.302439220011834e-5 1.0130387553659461
0.863 5.293773560566262e-5 1.0129541050981967
0.864 5.285031482443747e-5 1.012870133661989
0.865 5.276214388783007e-5 1.0127868337080281
0.866 5.267323754060138e-5 1.0127041979953966
0.867 5.2583610782364065e-5 1.0126222193898948
0.868 5.249327755701971e-5 1.0125408908615663
0.869 5.2402252492755874e-5 1.0124602054830183
0.87 5.231054947291147e-5 1.0123801564275123
0.871 5.2218182397589796e-5 1.012300736966822
0.872 5.212516514668808e-5 1.0122219404697423
0.873 5.203151149091312e-5 1.012143760399807
0.874 5.193723496665914e-5 1.0120661903144288
0.875 5.184234913457875e-5 1.0119892238622812
0.876 5.174686716491461e-5 1.0119128547829626
0.877 5.1650802427805065e-5 1.011837076903737
0.878 5.155416770485921e-5 1.0117618841386604
0.879 5.1456976108088526e-5 1.0116872704870914
0.88 5.135924041393958e-5 1.011613230032135
0.881 5.126097326790813e-5 1.0115397569395694
0.882 5.116218734940725e-5 1.0114668454555373
0.883 5.106289485562465e-5 1.011394489905685
0.884 5.096310806118609e-5 1.0113226846933667
0.885 5.086283913585676e-5 1.011251424298933
0.886 5.076210018839511e-5 1.0111807032774458
0.887 5.0660903123889156e-5 1.011110516258303
0.888 5.055925975150366e-5 1.0110408579437344
0.889 5.045718187846049e-5 1.0109717231070017
0.89 5.0354681085218456e-5 1.0109031065910954
0.891 5.02517686900017e-5 1.0108350033083378
0.892 5.014845610173957e-5 1.0107674082391789
0.893 5.00447543399507e-5 1.0107003164302797
0.894 4.994067473856889e-5 1.010633722994061
0.895 4.9836228153687934e-5 1.0105676231068468
0.896 4.973142536779385e-5 1.0105020120083166
0.897 4.9626277182135414e-5 1.0104368850003944
0.898 4.952079409864529e-5 1.0103722374460484
0.899 4.941498649774223e-5 1.0103080647684213
0.9 4.9308864825126086e-5 1.010244362449879
0.901 4.92024397419355e-5 1.0101811260294773
0.902 4.909572101147175e-5 1.0101183511002283
0.903 4.8988718551412624e-5 1.0100560333205177
0.904 4.8881442544057574e-5 1.0099941684003293
0.905 4.877390248758662e-5 1.0099327521027892
0.906 4.866610796572246e-5 1.009871780245167
0.907 4.8558068762305506e-5 1.00981124869643
0.908 4.844979464102561e-5 1.009751153377218
0.909 4.834129462844006e-5 1.0096914902603202
0.91 4.823257754510424e-5 1.00963225536856
0.911 4.8123652271025996e-5 1.009573444773457
0.912 4.8014527983974986e-5 1.0095150545944633
0.913 4.790521372033396e-5 1.0094570809990546
0.914 4.779571823465556e-5 1.0093995202018768
0.915 4.7686050246076306e-5 1.0093423684642628
0.916 4.757621820555835e-5 1.0092856220925783
0.917 4.74662307096696e-5 1.0092292774380855
0.918 4.735609606704161e-5 1.0091733308958248
0.919 4.7245822412889105e-5 1.0091177789045729
0.92 4.7135417984844885e-5 1.0090626179455247
0.921 4.702489080160577e-5 1.009007844541975
0.922 4.691424860614468e-5 1.0089534552585184
0.923 4.680349907787429e-5 1.0088994467000785
0.924 4.669265022394509e-5 1.0088458155122622
0.925 4.6581709634951896e-5 1.0087925583800306
0.926 4.647068466068216e-5 1.0087396720277848
0.927 4.6359582651367415e-5 1.0086871532175392
0.928 4.624841102784938e-5 1.0086349987491081
0.929 4.613717702617315e-5 1.008583205459153
0.93 4.602588778551686e-5 1.0085317702212568
0.931 4.591455008889911e-5 1.0084806899447802
0.932 4.5803171016545186e-5 1.0084299615748165
0.933 4.569175742702436e-5 1.0083795820913433
0.934 4.558031600104817e-5 1.0083295485085428
0.935 4.546885336392803e-5 1.008279857874709
0.936 4.535737608790669e-5 1.0082305072715565
0.937 4.524589060822537e-5 1.0081814938137281
0.9380000000000001 4.513440344178221e-5 1.0081328146479576
0.9390000000000001 4.502292084113124e-5 1.0080844669530664
0.9400000000000001 4.4911449045059726e-5 1.0080364479391093
0.9410000000000001 4.479999434203741e-5 1.0079887548482505
0.9420000000000001 4.4688563177297524e-5 1.0079413849522918
0.9430000000000001 4.45771610770862e-5 1.0078943355537517
0.9440000000000001 4.446579326727873e-5 1.007847603984074
0.9450000000000001 4.435446592515602e-5 1.0078011876050317
0.9460000000000001 4.4243184516901124e-5 1.0077550838066036
0.9470000000000001 4.4131954540171936e-5 1.0077092900067897
0.9480000000000001 4.40207813351412e-5 1.0076638036521703
0.9490000000000001 4.390967050005301e-5 1.0076186222171635
0.9500000000000001 4.379862730391482e-5 1.007573743203126
0.9510000000000001 4.368765718198997e-5 1.0075291641382444
0.9520000000000001 4.3576764864328155e-5 1.0074848825771234
0.9530000000000001 4.346595581650181e-5 1.0074408961003238
0.9540000000000001 4.335523483833814e-5 1.0073972023151097
0.9550000000000001 4.324460682325615e-5 1.0073537988534162
0.9560000000000001 4.3134076797179954e-5 1.007310683372323
0.9570000000000001 4.302364957053939e-5 1.0072678535535224
0.9580000000000001 4.2913329723004434e-5 1.0072253071028485
0.9590000000000001 4.280312181215162e-5 1.0071830417504344
0.96 4.269303038167971e-5 1.0071410552500377
0.961 4.2583060050227495e-5 1.0070993453787296
0.962 4.247321523659364e-5 1.007057909936573
0.963 4.236350022929214e-5 1.0070167467465447
0.964 4.225391931311773e-5 1.0069758536538058
0.965 4.2144476659400354e-5 1.0069352285257844
0.966 4.203517639794763e-5 1.0068948692517095
0.967 4.1926022475491376e-5 1.0068547737423699
0.968 4.1817018885226265e-5 1.006814939929835
0.969 4.170816939375044e-5 1.0067753657671836
0.97 4.1599477928422335e-5 1.0067360492279818
0.971 4.149094857019975e-5 1.0066969883062582
0.972 4.138258493596725e-5 1.0066581810162671
0.973 4.1274390640666514e-5 1.00661962539211
0.974 4.116636927209427e-5 1.0065813194874647
0.975 4.1058524269776964e-5 1.0065432613752257
0.976 4.0950859098554115e-5 1.0065054491476355
0.977 4.0843376952315325e-5 1.0064678809158323
0.978 4.073608121846206e-5 1.0064305548095496
0.979 4.062897520690223e-5 1.0063934689769023
0.98 4.052206215554577e-5 1.0063566215840571
0.981 4.0415345119337864e-5 1.0063200108150823
0.982 4.0308827308155326e-5 1.0062836348718727
0.983 4.020251174263745e-5 1.0062474919736963
0.984 4.009640138524784e-5 1.006211580357062
0.985 3.999049916880715e-5 1.0061758982754305
0.986 3.988480794686611e-5 1.0061404439990782
0.987 3.977933047299986e-5 1.0061052158149615
0.988 3.9674069446105076e-5 1.00607021202636
0.989 3.9569027665775636e-5 1.0060354309527308
0.99 3.946420782635629e-5 1.006000870929549
0.991 3.935961234757812e-5 1.0059665303079606
0.992 3.925524386694246e-5 1.0059324074548652
0.993 3.9151104731127706e-5 1.0058985007524477
0.994 3.904719744152185e-5 1.0058648085981214
0.995 3.8943524381496175e-5 1.0058313294042704
0.996 3.884008779436732e-5 1.005798061598205
0.997 3.873688996730573e-5 1.0057650036218484
0.998 3.863393313574548e-5 1.0057321539316202
0.999 3.85312194439158e-5 1.0056995109981557
1.0 3.84287508781167e-5 1.0056670733062112
