0.002	0.999999246102456	0.0007625005618572267	8.66029118243679e-6
0.004	0.9999969451304264	0.0015396275646617497	0.000032098664584100835
0.006	0.9999930853097253	0.0023213367900676296	0.00006863724082007041
0.008	0.9999876574886054	0.003107635647425777	0.00011739473069031488
0.01	0.9999806524562806	0.00389855626442559	0.0001777727544200428
0.012	0.9999720609360092	0.004694132011651142	0.0002493213414554962
0.014	0.9999618735836872	0.005494396866201345	0.00033168247886368593
0.016	0.9999500809868205	0.006299385201746777	0.00042456080583820166
0.018000000000000002	0.9999366736638301	0.007109131695881565	0.0005277063968098054
0.02	0.9999216420633733	0.007923671468457183	0.0006409037755018269
0.022	0.9999049765636037	0.008743039935421582	0.0007639644747196749
0.024	0.999886667471426	0.009567272880151023	0.0008967217639894878
0.026000000000000002	0.9998667050217291	0.010396406562529492	0.0010390267782023378
0.028	0.9998450793765744	0.011230477502510716	0.0011907455924911005
0.03	0.9998217806246424	0.012069522605351324	0.001351756956026777
0.032	0.9997967987804219	0.012913579180651169	0.0015219505048487362
0.034	0.9997701237833875	0.01376268487668364	0.0017012253263554264
0.036000000000000004	0.9997417454973108	0.01461687779241716	0.0018894887892001195
0.038	0.9997116537093867	0.01547619637909392	0.002086655577664068
0.04	0.9996798381295167	0.016340679515780554	0.0022926468853485633
0.042	0.9996462883894476	0.017210366453856984	0.0025073897355622453
0.044	0.9996109940419584	0.018085296901393377	0.002730816403183821
0.046	0.9995739445600724	0.018965510929336293	0.0029628639186281
0.048	0.999535129336202	0.019851049067876048	0.003203473639623998
0.05	0.9994945376812808	0.02074195225920672	0.0034525908789503914
0.052000000000000005	0.9994521588239617	0.021638261876844034	0.0037101645787536116
0.054	0.9994079819096983	0.022540019717742776	0.003976147024352658
0.056	0.9993619959998287	0.023447268073018	0.0042504935911778716
0.058	0.9993141900708113	0.024360049626304114	0.004533162519880155
0.06	0.9992645530131681	0.025278407544571113	0.004824114716310452
0.062	0.9992130736306414	0.02620238546030551	0.005123313572144384
0.064	0.9991597406392895	0.027132027468179665	0.0054307248036876725
0.066	0.9991045426664767	0.028067378112894836	0.005746316306831579
0.068	0.9990474682499806	0.029008482473780184	0.006070058025708737
0.07	0.9989885058369748	0.02995538606820336	0.006401921833644668
0.07200000000000001	0.9989276437830918	0.030908134940443865	0.006741881424743402
0.074	0.9988648703513466	0.03186677560634843	0.007089912215294485
0.076	0.9988001737112114	0.032831355191387246	0.007445991253635279
0.078	0.9987335419373385	0.03380192126384296	0.007810097138198704
0.08	0.9986649630089416	0.03477852181266172	0.00818220993981512
0.082	0.9985944248085588	0.035761205467776946	0.008562311132703454
0.084	0.9985219151209511	0.0367500214393246	0.008950383530391742
0.08600000000000001	0.9984474216317512	0.03774501951381293	0.009346411227677353
0.088	0.998370931926838	0.038746249778232045	0.009750379543331668
0.09	0.9982924334911164	0.039753763080185855	0.010162274969611926
0.092	0.9982119137073376	0.04076761078597446	0.01058208512578315
0.094	0.9981293598548411	0.0417878448360498	0.011009798714457602
0.096	0.9980447591085663	0.04281451774601486	0.011445405479975256
0.098	0.9979580985378754	0.04384768261728178	0.011888896170638699
0.1	0.9978693651052744	0.04488739317859425	0.012340262503625288
0.10200000000000001	0.9977785456651965	0.04593370373856542	0.0127994971320863
0.10400000000000001	0.9976856269628565	0.04698666925356809	0.013266593613987757
0.106	0.9975905956329245	0.04804634529276264	0.01374154638346253
0.108	0.997493438198371	0.04911278803931829	0.014224350723682758
0.11	0.997394141068997	0.05018605437401291	0.01471500274202342
0.112	0.997292690540332	0.05126620179418673	0.015213499346033823
0.114	0.997189072792223	0.05235328844632736	0.015719838221153384
0.116	0.9970832738875496	0.053447373150328215	0.016234017809911138
0.11800000000000001	0.9969752797708402	0.05454851545999562	0.016756037292421633
0.12	0.9968650762668664	0.05565677554258963	0.0172858965680604
0.122	0.9967526490793245	0.056772214344691374	0.01782359623812654
0.124	0.996637983789348	0.0578948934671919	0.018369137589687487
0.126	0.9965210658541239	0.05902487527847944	0.018922522580225667
0.128	0.9964018806053908	0.060162222834114765	0.019483753823380506
0.13	0.9962804132480337	0.06130699996703681	0.020052834575337627
0.132	0.9961566488584742	0.06245927125969608	0.020629768722312165
0.134	0.9960305723832671	0.06361910204799592	0.021214560768434722
0.136	0.9959021686374677	0.06478655847558246	0.02180721582464391
0.138	0.9957714223031211	0.06596170744083141	0.02240773959805368
0.14	0.9956383179275884	0.06714461667017835	0.02301613838220941
0.14200000000000002	0.995502839922093	0.06833535465938789	0.023632419047415327
0.14400000000000002	0.9953649725598748	0.06953399082154643	0.024256589032333548
0.146	0.9952246999746668	0.07074059530098875	0.02488865633567574
0.148	0.9950820061589954	0.07195523918129831	0.02552862950845634
0.15	0.994936874962355	0.07317799433159689	0.02617651764680636
0.152	0.994789290089656	0.07440893356902567	0.02683233038496807
0.154	0.9946392350992684	0.07564813053301256	0.027496077889213936
0.156	0.9944866934013834	0.0768956598166115	0.02816777085179323
0.158	0.9943316482561008	0.07815159693635998	0.02884742048555499
0.16	0.9941740827715513	0.07941601830124823	0.02953503851882966
0.162	0.9940139799020619	0.08068900136648516	0.030230637190909564
0.164	0.9938513224461645	0.08197062440079561	0.030934229247684457
0.166	0.9936860930447909	0.08326096676702921	0.03164582793683706
0.168	0.9935182741793253	0.0845601087390846	0.03236544700435799
0.17	0.9933478481694237	0.08586813164201956	0.033093100691292676
0.17200000000000001	0.9931747971711706	0.08718511779987059	0.03382880373031507
0.17400000000000002	0.9929991031749194	0.08851115059982373	0.03457257134301476
0.176	0.9928207480032317	0.08984631448089031	0.035324419237249466
0.178	0.9926397133087481	0.0911906949385699	0.036084363604804236
0.18	0.9924559805719401	0.09254437855948927	0.03685242111944726
0.182	0.9922695310990842	0.09390745307102932	0.03762860893485191
0.184	0.9920803460198846	0.09528000727188068	0.038412944683208564
0.186	0.9918884062851737	0.09666213119519096	0.03920544647404939
0.188	0.9916936926646854	0.09805391597295099	0.04000613289299566
0.19	0.9914961857447661	0.09945545386624843	0.04081502300055918
0.192	0.9912958659259337	0.10086683841797894	0.041632136331615055
0.194	0.9910927134204592	0.10228816432789056	0.04245749289483514
0.196	0.9908867082500011	0.10371952757781688	0.043291113172367134
0.198	0.9906778302429083	0.10516102540542027	0.04413301812001351
0.2	0.9904660590318983	0.10661275629719746	0.04498322916700662
0.202	0.9902513740513037	0.10807482007541003	0.04584176821654897
0.20400000000000001	0.9900337545346198	0.10954731787321537	0.04670865764605576
0.20600000000000002	0.9898131795116168	0.11103035216980528	0.04758392030819267
0.20800000000000002	0.9895896278058186	0.11252402681177776	0.048467579531474986
0.21	0.9893630780316366	0.11402844701696724	0.049359659121245396
0.212	0.9891335085916496	0.11554371945288189	0.05026018336086694
0.214	0.9889008976737488	0.1170699521526597	0.05116917701299654
0.216	0.9886652232481655	0.11860725469714506	0.0520866653212364
0.218	0.988426463064608	0.12015573807738766	0.05301267401172501
0.22	0.988184594649185	0.12171551485740117	0.05394722929509208
0.222	0.9879395953014662	0.12328669910338652	0.05489035786834612
0.224	0.9876914420912812	0.12486940643663402	0.055842086917172545
0.226	0.9874401118555993	0.12646375410385602	0.0568024441182146
0.228	0.9871855811953485	0.12806986093338857	0.05777145764151467
0.23	0.986927826472104	0.12968784742445338	0.05874915615328293
0.232	0.9866668238047952	0.1313178357470468	0.059735568818754775
0.234	0.9864025490662965	0.13295994978440584	0.06073072530501296
0.23600000000000002	0.9861349778800527	0.134614315134729	0.061734655784136054
0.23800000000000002	0.9858640856164872	0.13628105915280964	0.06274739093655113
0.24	0.985589847389592	0.1379603109772365	0.06376896195412309
0.242	0.9853122380532457	0.13965220157741154	0.0647994005438948
0.244	0.9850312321975291	0.14135686379451728	0.06583873893189435
0.246	0.9847468041450005	0.1430744323109301	0.06688700986678209
0.248	0.9844589279468589	0.14480504379948966	0.06794424662403119
0.25	0.9841675773790581	0.1465488368813661	0.06901048301023857
0.252	0.9838727259383152	0.1483059521395491	0.07008575336749495
0.254	0.9835743468381664	0.1500765321941211	0.071170092577616
0.256	0.9832724130048192	0.1518607217576573	0.07226353606692479
0.258	0.9829668970730671	0.1536586675921492	0.07336611981093187
0.26	0.9826577713819109	0.15547051866049433	0.07447788033949056
0.262	0.9823450079703379	0.15729642607176242	0.07559885474179685
0.264	0.982028578572862	0.1591365431584113	0.07672908067170923
0.266	0.9817084546151305	0.16099102550448663	0.0778685963530721
0.268	0.9813846072093192	0.16286003102267133	0.07901744058539506
0.27	0.9810570071494372	0.16474371991970216	0.08017565274969049
0.272	0.9807256249067517	0.1666422547937918	0.08134327281405804
0.274	0.9803904306247847	0.16855580077046461	0.08252034134023
0.276	0.9800513941144	0.17048452540152637	0.08370689948987574
0.278	0.9797084848489214	0.17242859871585692	0.08490298903078954
0.28	0.9793616719589366	0.17438819338566613	0.08610865234353625
0.28200000000000003	0.9790109242271843	0.17636348463717644	0.08732393242810778
0.28400000000000003	0.9786562100832139	0.17835465044313548	0.08854887291119617
0.28600000000000003	0.9782974975978981	0.1803618714673605	0.08978351805342555
0.28800000000000003	0.9779347544781071	0.18238533111530897	0.09102791275624142
0.29	0.9775679480610607	0.18442521564271397	0.09228210256948749
0.292	0.9771970453086116	0.18648171419671788	0.09354613369924983
0.294	0.9768220128013143	0.18855501887399262	0.09482005301593605
0.296	0.9764428167326642	0.1906453246958706	0.09610390806192491
0.298	0.976059422902971	0.19275282981967568	0.09739774706000177
0.3	0.9756717967132058	0.194877735470389	0.09870161892184477
0.302	0.9752799031587194	0.19702024606632618	0.10001557325674416
0.304	0.9748837068227353	0.19918056927870076	0.10133966038076463
0.306	0.9744831718699618	0.2013589160113627	0.10267393132531306
0.308	0.9740782620398755	0.2035555005905909	0.10401843784657219
0.31	0.9736689406399206	0.20577054072729029	0.10537323243502558
0.312	0.9732551705386875	0.2080042576474983	0.10673836832499159
0.314	0.9728369141586506	0.2102568761875867	0.10811389950499234
0.316	0.9724141334690294	0.2125286247808833	0.10949988072775578
0.318	0.9719867899785155	0.21481973560932843	0.11089636752054877
0.32	0.9715548447276059	0.21713044463139708	0.11230341619602338
0.322	0.9711182582810987	0.21946099166103572	0.11372108386283908
0.324	0.9706769907202126	0.22181162045636915	0.11514942843686368
0.326	0.9702310016345755	0.22418257887146797	0.11658850865271789
0.328	0.9697802501141273	0.22657411878140854	0.11803838407540448
0.33	0.9693246947407778	0.22898649630120893	0.11949911511195693
0.332	0.9688642935800585	0.23141997181103102	0.12097076302359239
0.334	0.9683990041722976	0.2338748100796928	0.12245338993830181
0.336	0.9679287835238964	0.2363512803291168	0.12394705886349376
0.338	0.9674535880981971	0.2388496564091347	0.12545183369916965
0.34	0.9669733738062956	0.24137021673514836	0.12696777925117697
0.342	0.9664880959976914	0.24391324450057095	0.12849496124462997
0.34400000000000003	0.9659977094507353	0.24647902771468555	0.13003344633758593
0.34600000000000003	0.9655021683627721	0.24906785937806042	0.13158330213519975
0.34800000000000003	0.9650014263401127	0.2516800375568784	0.1331445972042296
0.35000000000000003	0.964495436387847	0.2543158654550459	0.1347174010878175
0.352	0.9639841508993406	0.2569756516073718	0.13630178432066406
0.354	0.963467521645502	0.2596597099078224	0.13789781844460974
0.356	0.962945499764085	0.26236835976839457	0.13950557602392585
0.358	0.962418035748301	0.26510192626594264	0.14112513066183494
0.36	0.9618850794354922	0.26786074026580176	0.14275655701699191
0.362	0.9613465799953262	0.27064513847274707	0.14439993082093988
0.364	0.9608024859183923	0.27345546347001815	0.14605532889332806
0.366	0.9602527450037787	0.27629206415463736	0.14772282916063253
0.368	0.959697304346589	0.27915529563049546	0.14940251067407495
0.37	0.9591361103252829	0.2820455194656457	0.15109445362795967
0.372	0.9585691085887104	0.2849631037553091	0.15279873937820157
0.374	0.9579962440428025	0.2879084233670115	0.15451545046159773
0.376	0.9574174608369413	0.2908818600223517	0.15624467061557584
0.378	0.9568327023500874	0.2938838023884838	0.157986484797957
0.38	0.9562419111770514	0.29691464595732464	0.15974097920566754
0.382	0.9556450291141589	0.29997479411303374	0.1615082412948437
0.384	0.9550419971430603	0.3030646578328078	0.16328835980720058
0.386	0.9544327554160599	0.30618465559151264	0.16508142478983645
0.388	0.9538172432407828	0.30933521368081696	0.16688752761651043
0.39	0.9531953990642849	0.3125167664118633	0.16870676101038137
0.392	0.9525671604567144	0.3157297564689854	0.17053921906728253
0.394	0.9519324640945276	0.3189746348390421	0.1723849972798563
0.396	0.95129124574364	0.322251861190781	0.17424419256127108
0.398	0.9506434402418557	0.32556190394039675	0.17611690326995202
0.4	0.9499889814812309	0.32890524054529635	0.178003229234569
0.402	0.9493278023896612	0.3322823577662781	0.17990327177998575
0.404	0.9486598349120737	0.3356937518054215	0.1818171337538615
0.406	0.9479850099913926	0.3391399285547214	0.18374491955336703
0.40800000000000003	0.9473032575488636	0.3426214038638187	0.18568673515275516
0.41000000000000003	0.9466145064640161	0.34613870369626376	0.1876426881312827
0.41200000000000003	0.9459186845539466	0.349692364488452	0.18961288770235327
0.41400000000000003	0.9452157185523671	0.3532829333210419	0.1915974447425674
0.41600000000000004	0.9445055340879959	0.35691096816881096	0.1935964718215689
0.418	0.9437880556624314	0.36057703825653764	0.19561008323281437
0.42	0.9430632066273971	0.3642817242408003	0.19763839502502195
0.422	0.9423309091617614	0.36802561839666126	0.19968152503340977
0.424	0.9415910842478644	0.3718093251722787	0.2017395929120509
0.426	0.9408436516467725	0.3756334613490009	0.20381272016807547
0.428	0.9400885298734213	0.37949865639491653	0.20590103019559503
0.43	0.9393256361710307	0.3834055526462654	0.20800464831038276
0.432	0.9385548864848338	0.38735480576740366	0.21012370178525844
0.434	0.9377761954353515	0.39134708497545745	0.2122583198858517
0.436	0.9369894762907401	0.39538307345793333	0.21440863390764117
0.438	0.9361946409385873	0.3994634687053411	0.21657477721357352
0.44	0.935391599856916	0.40358898288589407	0.21875688527270168
0.442	0.9345802620844338	0.4077603432384169	0.22095509569957164
0.444	0.933760535190112	0.41197829233580174	0.22316954829416355
0.446	0.9329323252419294	0.41624358872965894	0.22540038508308505
0.448	0.932095536774708	0.42055700712478883	0.22764775036159343
0.45	0.9312500727573289	0.42491933882643496	0.22991179073586837
0.452	0.9303958345590929	0.429331392269805	0.2321926551664572
0.454	0.9295327219149468	0.433793993474374	0.23449049501323188
0.456	0.9286606328898699	0.4383079864364037	0.23680546408088166
0.458	0.9277794638428009	0.44287423340794163	0.2391377186643881
0.46	0.9268891093891295	0.447493615749639	0.24148741759622214
0.462	0.9259894623623774	0.45216703415240644	0.24385472229446592
0.464	0.9250804137748267	0.4568954092420974	0.2462397968117447
0.466	0.9241618527771801	0.4616796821303448	0.24864280788521076
0.468	0.923233666616989	0.4665208149994826	0.2510639249877402
0.47000000000000003	0.9222957405960049	0.4714197916332319	0.2535033203801699
0.47200000000000003	0.9213479580263713	0.47637761784291577	0.25596116916426637
0.47400000000000003	0.9203902001864077	0.4813953220785261	0.25843764933468416
0.47600000000000003	0.9194223462733663	0.4864739570351606	0.260932941836388
0.47800000000000004	0.9184442733559508	0.49161459819319075	0.2634472306206656
0.48	0.917455856328347	0.49681834541892567	0.26598070269781554
0.482	0.9164569678591691	0.5020863245300822	0.26853354819664943
0.484	0.9154474783391392	0.5074196873959269	0.27110596042488483
0.486	0.9144272558298001	0.5128196115928851	0.27369813592732173
0.488	0.9133961660104065	0.5182873022647749	0.27631027454521084
0.49	0.9123540721216582	0.5238239928658239	0.2789425794791708
0.492	0.9113008349087433	0.5294309456940205	0.28159525735174495
0.494	0.9102363125628342	0.535109452564575	0.2842685182712262
0.496	0.9091603606612988	0.5408608357462263	0.28696257589589635
0.498	0.9080728321056493	0.5466864492759682	0.2896776475001093
0.5	0.9069735770572885	0.5525876787036421	0.2924139540426809
0.502	0.9058624428749354	0.5585659420794253	0.2951717202289784
0.504	0.9047392740468354	0.5646226918328834	0.2979511745809402
0.506	0.9036039121220698	0.5707594149055861	0.30075254950625585
0.508	0.9024561956404157	0.5769776338759858	0.303576081367515
0.51	0.9012959600602278	0.5832789079118772	0.3064220105520284
0.512	0.900123037683968	0.589664833937964	0.3092905815432778
0.514	0.8989372575820382	0.5961370473464012	0.31218204299185437
0.516	0.8977384455145583	0.6026972232833772	0.315096647787373
0.518	0.8965264238511497	0.6093470773840259	0.31803465313052554
0.52	0.8953010114884704	0.6160883672794437	0.32099632060593314
0.522	0.8940620237651518	0.6229228936274755	0.3239819162557202
0.524	0.8928092723748895	0.6298525010383638	0.32699171065272264
0.526	0.8915425652768721	0.6368790795872048	0.3300259789742597
0.528	0.8902617066043448	0.6440045655054516	0.3330850010751245
0.53	0.8889664965707388	0.6512309426715546	0.3361690615601419
0.532	0.8876567313732109	0.6585602438795579	0.33927844985726574
0.534	0.8863322030933034	0.6659945521580446	0.3424134602901451
0.536	0.884992699595435	0.6735360019841097	0.3455743921496505
0.538	0.8836380044226815	0.6811867805596172	0.3487615497643793
0.54	0.8822678966898351	0.6889491292664252	0.35197524257104273
0.542	0.8808821509739049	0.69682534496468	0.35521578518262
0.544	0.8794805372014262	0.7048177814509282	0.3584834974561479
0.546	0.8780628205334229	0.71292885095664	0.36177870455777944
0.548	0.8766287612473039	0.7211610250059675	0.36510173702650267
0.55	0.8751781146164361	0.7295168368131599	0.36845293083339087
0.552	0.8737106307853532	0.7379988820911954	0.3718326274423376
0.554	0.87222605464341	0.7466098207546401	0.3752411738647914
0.556	0.8707241256949944	0.7553523783319083	0.378678922712202
0.558	0.869204577926361	0.7642293476522455	0.3821462322439759
0.56	0.8676671396699931	0.7732435901292023	0.38564346641165814
0.562	0.8661115334657142	0.7823980373998229	0.38917099489848733
0.5640000000000001	0.8645374759185176	0.7916956929695518	0.39272919315420224
0.5660000000000001	0.8629446775536807	0.8011396334967613	0.39631844242309555
0.5680000000000001	0.8613328426687669	0.8107330103624966	0.3999391297660943
0.5700000000000001	0.8597016691825727	0.8204790513867688	0.4035916480764095
0.5720000000000001	0.8580508484809093	0.8303810619915142	0.40727639608829214
0.5740000000000001	0.8563800652599369	0.8404424269602973	0.41099377837471873
0.5760000000000001	0.8546889973658001	0.8506666115147832	0.414744205338571
0.578	0.8529773156332124	0.8610571627767349	0.4185280931915472
0.58	0.8512446837183302	0.8716177119355573	0.4223458639273683
0.582	0.8494907579316018	0.8823519741940067	0.42619794527603416
0.584	0.847715187067083	0.893263750876172	0.4300847706496733
0.586	0.8459176122294924	0.9043569302660259	0.4340067790749442
0.588	0.8440976666592062	0.9156354887697171	0.4379644151092825
0.59	0.8422549755551387	0.9271034915742105	0.441958128740321
0.592	0.8403891558958816	0.9387650940227976	0.445988375268613
0.594	0.8384998162592078	0.9506245418564596	0.45005561517187526
0.596	0.8365865566401003	0.9626861721070412	0.45416031394888534
0.598	0.834648968268215	0.9749544132225396	0.4583029419418519
0.6	0.8326866334244678	0.9874337855047544	0.4624839741338194
0.602	0.8306991252574989	1.000128900926267	0.4667038899222045
0.604	0.8286860076002421	1.0130444630795932	0.47096317286538414
0.606	0.8266468347874327	1.0261852664784632	0.4752623104006035
0.608	0.8245811514739577	1.0395561962028843	0.4796017935301938
0.61	0.8224884924549567	1.0531622267429541	0.4839821164750288
0.612	0.8203683824880219	1.067008420596538	0.48840377629359116
0.614	0.8182203361193348	1.0810999261613996	0.4928672724620777
0.616	0.8160438575139051	1.095441975781597	0.4973731064148998
0.618	0.8138384402895553	1.1100398836151326	0.5019217810423318
0.62	0.8116035673564226	1.1248990421829919	0.5065138001430877
0.622	0.8093387107638901	1.140024918808713	0.5111496678291145
0.624	0.807043331555584	1.1554230510489871	0.5158298878769436
0.626	0.8047168796315819	1.1710990431489376	0.5205549630272799
0.628	0.8023587936230152	1.1870585587376858	0.5253253942238576
0.63	0.7999685007769525	1.203307316601232	0.5301416797940983
0.632	0.797545416853565	1.2198510830032094	0.5350043145663211
0.634	0.7950889460387228	1.2366956637170357	0.5399137889175047
0.636	0.7925984808740498	1.2538468951410753	0.5448705877485251
0.638	0.7900734022040394	1.2713106355144999	0.5498751893856052
0.64	0.787513079143013	1.2890927537334562	0.5549280644030409
0.642	0.7849168690659409	1.3071991173877473	0.560029674361154
0.644	0.7822841176229487	1.3256355803543673	0.5651804704579838
0.646	0.7796141587805892	1.3444079684949428	0.5703808920918941
0.648	0.7769063148934766	1.3635220638045231	0.5756313653269607
0.65	0.7741598968088228	1.3829835873562235	0.5809323012587014
0.652	0.771374204005626	1.4027981815488144	0.5862840942786011
0.654	0.768548524771888	1.4229713895619889	0.5916871202310634
0.656	0.7656821364251397	1.4435086331067715	0.5971417344584323
0.658	0.7627743055777261	1.464415189574464	0.6026482697315834
0.66	0.7598242884503824	1.4856961665967727	0.6082070340617509
0.662	0.7568313312389532	1.5073564736185485	0.6138183083914325
0.664	0.7537946705416985	1.5294007938169707	0.6194823441507361
0.666	0.7507135338333938	1.5518335555576024	0.6251993607114437
0.668	0.7475871400237222	1.5746588888658208	0.630969542681343
0.67	0.7444147000788256	1.597880597622836	0.6367930370695026
0.672	0.7411954177134286	1.6215021200144397	0.6426699503303016
0.674	0.7379284901634741	1.6455264851328866	0.648600345266486
0.676	0.7346131090466517	1.6699562714480032	0.6545842377903582
0.678	0.7312484613099226	1.6947935593329966	0.660621593553591
0.68	0.7278337302730689	1.7200398824483987	0.6667123244391088
0.682	0.7243680967740861	1.745696176927769	0.6728562849160237
0.684	0.7208507404150745	1.771762727521442	0.6790532682729078
0.686	0.7172808409242686	1.7982391096619255	0.6853030027142957
0.6880000000000001	0.7136575796310016	1.8251241308621102	0.6916051473387509
0.6900000000000001	0.7099801410644896	1.852415768865523	0.697959288001582
0.6920000000000001	0.706247714675489	1.8801111069433052	0.7043649330729793
0.6940000000000001	0.7024594966936117	1.9082062664704802	0.7108215090867833
0.6960000000000001	0.6986146921194629	1.9366963376241664	0.7173283563104426
0.6980000000000001	0.6947125168562822	1.9655753091458728	0.7238847242364004
0.7000000000000001	0.6907521999870637	1.9948359940119564	0.7304897670142317
0.7020000000000001	0.686732986200959	2.0244699544119116	0.7371425388344639
0.704	0.6826541383700782	2.0544674258171636	0.7438419892905168
0.706	0.6785149402800636	2.0848172399901554	0.7505869587314373
0.708	0.6743146995149298	2.1155067469066924	0.757376173636666
0.71	0.6700527505007995	2.1465217347121923	0.7642082420288189
0.712	0.6657284577073096	2.17784635274082	0.7710816489525218
0.714	0.6613412190019411	2.209463034910375	0.7779947520570971
0.716	0.6568904691552575	2.2413524248838246	0.7849457773114864
0.718	0.6523756834995931	2.2734932988409673	0.7919328148789994
0.72	0.6477963817358835	2.3058624963597785	0.7989538151934303
0.722	0.64315213186724	2.3384348581862446	0.8060065852852436
0.724	0.6384425542690998	2.371183155484291	0.8130887853848305
0.726	0.6336673258856546	2.404078036317925	0.8201979258387778
0.728	0.6288261845250027	2.43708797597858	0.8273313644107416
0.73	0.6239189332538154	2.4701792304046566	0.8344863039889485
0.732	0.6189454448742444	2.5033158004925116	0.8416597907523561
0.734	0.6139056664615794	2.536459407568248	0.8488487128465954
0.736	0.6087996239405489	2.56956947777498	0.8560497996234201
0.738	0.6036274266840275	2.6026031375347425	0.8632596214857551
0.74	0.5983892721070678	2.6355152220855493	0.8704745903879507
0.742	0.5930854502305041	2.6682582975121605	0.8776909610353076
0.744	0.5877163481861472	2.7007826982022864	0.8849048328312982
0.746	0.5822824546316536	2.73303657909596	0.8921121526137259
0.748	0.5767843640433344	2.764965986241985	0.8993087182296053
0.75	0.5712227808518698	2.7965149432015446	0.9064901829749104
0.752	0.565598523385769	2.82762555727073	0.913652060937434
0.754	0.5599125275854449	2.8582381431346837	0.9207897332700135
0.756	0.5541658504469451	2.8882913683818123	0.9278984554194557
0.758	0.5483596731608992	2.917722414505497	0.9349733653207393
0.76	0.5424953039025258	2.9464671645682006	0.9420094925740247
0.762	0.536574180230186	2.974460404674528	0.9490017686023406
0.764	0.5305978710628809	3.001636047432088	0.9559450377813519
0.766	0.5245680781859863	3.027927375858719	0.9628340695303045
0.768	0.5184866372573568	3.053267302600693	0.9696635713328777
0.77	0.5123555182718451	3.0775886492352966	0.9764282026587904
0.772	0.5061768254544436	3.1008244398806895	0.9831225897415616
0.774	0.4999527965478501	3.1229082112699813	0.9897413411519788
0.776	0.4936858014707694	3.1437743327777934	0.9962790641072253
0.778	0.4873783403209688	3.1633583397996934	1.0027303814384787
0.78	0.4810330407063488	3.1815972730313558	1.0090899491297667
0.782	0.4746526543880301	3.1984300253637965	1.015352474338047
0.784	0.4682400532287342	3.2137976896198794	1.0215127337854149
0.786	0.46179822444240926	3.227643909101324	1.0275655924152438
0.788	0.4553302651467752	3.2399152220708993	1.0335060221935446
0.79	0.4488393762320138	3.250561401960339	1.0393291209270454
0.792	0.4423288555587641	3.2595357847521877	1.0450301309679213
0.794	0.435802090514299	3.2667955863739384	1.050604457669447
0.796	0.429262549944698	3.2723022039739256	1.056047687462005
0.798	0.42271377551039313	3.2760214924067443	1.0613556054110767
0.8	0.41615937250882457	3.2776775163256278	1.0665242121101601
0.802	0.409602997375738	3.2773207434919627	1.0715497515079526
0.804	0.4030483558887541	3.275953207961285	1.0764286910733858
0.806	0.3964991845438929	3.2722783669209274	1.0811577707619358
0.808	0.3899592424210704	3.266721096626457	1.0857340044962
0.81	0.38343230015738705	3.2592784130211214	1.0901546918658733
0.812	0.3769221287689859	3.249952953416582	1.0944174284764712
0.8140000000000001	0.3704324883437207	3.2387530098699906	1.0985201148850698
0.8160000000000001	0.36396711672950594	3.2256925130628304	1.1024609639738145
0.8180000000000001	0.3575297182914694	3.210790984303255	1.1062385067694882
0.8200000000000001	0.3511239527922929	3.194073446120313	1.109851596632607
0.8220000000000001	0.34475342450698815	3.1755703042589953	1.113299411786541
0.8240000000000001	0.33842167157525693	3.155317181755185	1.1165814562159517
0.8260000000000001	0.3321321557799674	3.1333547189503483	1.1196975588794122
0.8280000000000001	0.32588825269945554	3.109728352620994	1.122647871287444
0.8300000000000001	0.31969324236948343	3.0844880541346793	1.1254328634680486
0.8320000000000001	0.3135503004829168	3.0576880466335195	1.1280533183948351
0.8340000000000001	0.30746249018294936	3.0293864915104662	1.1305103249042023
0.8360000000000001	0.30143275451687496	2.9996451561174196	1.1328052691927268
0.8380000000000001	0.2954639095584797	2.9685290698455433	1.1349398249690759
0.8400000000000001	0.2895586382374928	2.93610615587056	1.1369159423916895
0.8420000000000001	0.28371948493499743	2.902446853866272	1.1387358358486743
0.8440000000000001	0.2779488508220277	2.8676237440365266	1.1404019707343598
0.8460000000000001	0.27224898995885133	2.831711161463746	1.1419170493269855
0.8480000000000001	0.2666220061761727	2.794784812528775	1.1432839958806464
0.8500000000000001	0.26106985070873623	2.7569213933953813	1.144505941080661
0.8520000000000001	0.2555943206025912	2.7181982158932803	1.1455862059686597
0.8540000000000001	0.2501970578451631	2.6786928451943415	1.1465282854628418
0.8560000000000001	0.24487954922181382	2.6384827427639035	1.1473358316262572
0.8580000000000001	0.2396431268741075	2.5976449376889086	1.1480126367703856
0.8600000000000001	0.23448896947105818	2.55625570333283	1.148562616553984
0.8620000000000001	0.22941810406077617	2.5143902491490677	1.1489897931612072
0.8640000000000001	0.2244314084744619	2.472122449589803	1.1492982786387789
0.8660000000000001	0.21952961426241696	2.429524586615633	1.1494922585572618
0.8680000000000001	0.21471331012799938	2.3866671108148525	1.1495759760362534
0.8700000000000001	0.20998294581915755	2.3436184287939086	1.1495537162450125
0.8720000000000001	0.20533883641282374	2.300444716506339	1.14942979144911
0.874	0.2007811669531322	2.257209753528014	1.1492085266414198
0.876	0.1963099973987117	2.2139747838136743	1.1488942458521045
0.878	0.1919252678178775	2.1707983969120326	1.1484912591573744
0.88	0.18762680381106356	2.127736431359495	1.148003850446852
0.882	0.18341432209243952	2.0848419024831477	1.1474362659681647
0.884	0.17928743620113097	2.042164949064423	1.1467927036628809
0.886	0.17524566229618183	1.9997528007610066	1.1460773033267695
0.888	0.17128842499808694	1.9576497618093436	1.1452941375823686
0.89	0.16741506324894445	1.9158972141587598	1.1444472036790263
0.892	0.1636248361414519	1.874533635548306	1.143540416106484
0.894	0.15991692870675123	1.8335946328341957	1.1425775999970837
0.896	0.15629045761011512	1.793112985448722	1.1415624853358843
0.898	0.15274447676495634	1.7531187027616524	1.1404987019043868
0.9	0.1492779827990685	1.7136390937888406	1.139389774983781
0.902	0.14588992038980098	1.6746988419570064	1.13823912174399
0.904	0.14257918743124048	1.6363200894234375	1.1370500483216237
0.906	0.13934464003210723	1.5985225267332452	1.1358257475288625
0.908	0.1361850973243075	1.5613234909571254	1.1345692971705492
0.91	0.13309934606827872	1.5247380639516332	1.1332836589222668
0.912	0.13008614506850097	1.48877917369096	1.1319716777420181
0.914	0.12714422937351488	1.4534577009009952	1.1306360817666812
0.916	0.12427231426489699	1.4187825858714143	1.1292794826610475
0.918	0.12146909903002923	1.3847609356550798	1.1279043763783343
0.92	0.11873327052227667	1.351398129763759	1.1265131443005814
0.922	0.11606350651097419	1.3186979238766494	1.1251080547106291
0.924	0.11345847882677007	1.2866625564741108	1.1236912645755335
0.926	0.11091685628507775	1.2552928528726386	1.1222648215861724
0.928	0.10843730741527952	1.2245883220467213	1.120830666451624
0.93	0.10601850299689086	1.1945472535797723	1.1193906353843905
0.932	0.10365911840096043	1.1651668142599185	1.1179464627703493
0.934	0.10135783573985119	1.1364431378564077	1.1164997839823396
0.936	0.0991133458495348	1.1083714105854097	1.1150521383166434
0.9380000000000001	0.09692435009750955	1.0809459570486206	1.1136049720239496
0.9400000000000001	0.09478956202134031	1.0541603205287546	1.1121596414246333
0.9420000000000001	0.09270770881539453	1.0280073384969224	1.1107174160684954
0.9440000000000001	0.09067753266735262	1.0024792156608786	1.1092794819319536
0.9460000000000001	0.08869779195275102	0.9775675908019338	1.1078469446396817
0.9480000000000001	0.08676726230414489	0.953263601905327	1.1064208326829077
0.9500000000000001	0.08488473754512971	0.9295579494150025	1.1050021006280544
0.9520000000000001	0.08304903050648488	0.9064409496017667	1.1035916322947652
0.9540000000000001	0.08125897374672264	0.8839025901219433	1.1021902439101012
0.9560000000000001	0.0795134201459971	0.8619325825443835	1.1007986871994804
0.9580000000000001	0.0778112434165451	0.8405204057930077	1.0994176524362398
0.9600000000000001	0.07615133852282507	0.8196553501789716	1.0980477714258048
0.9620000000000001	0.07453262201582922	0.7993265567822483	1.0966896204190384
0.9640000000000001	0.07295403229569608	0.7795230550463883	1.0953437229537777
0.9660000000000001	0.07141452979564367	0.7602337990982866	1.0940105526099198
0.9680000000000001	0.06991309709930293	0.7414476972339712	1.0926905356916559
0.9700000000000001	0.06844873900670778	0.7231536405219174	1.0913840538215445
0.9720000000000001	0.06702048253721526	0.7053405301074844	1.0900914464452582
0.9740000000000001	0.06562737688627784	0.6879973002163198	1.0888130132504015
0.976	0.06426849333634999	0.6711129399370602	1.0875490164908581
0.978	0.0629429251265296	0.6546765145162697	1.0862996832253191
0.98	0.06164978727828491	0.6386771820130199	1.0850652074643587
0.982	0.06038821639847752	0.6231042077580601	1.0838457522280396
0.984	0.059157370447252666	0.6079469794066233	1.0826414515143843
0.986	0.05795642848085103	0.5931950198481417	1.0814524121801965
0.988	0.0567845903678601	0.5788379981563063	1.0802787157397136
0.99	0.055641076488225805	0.5648657390407985	1.0791204200739792
0.992	0.054525127411696905	0.5512682311733796	1.0779775610606166
0.994	0.053436003563532286	0.5380356339772518	1.0768501541239623
0.996	0.0523729848757879	0.5251582839881364	1.0757381957059635
0.998	0.05133537042757974	0.512626699789534	1.0746416646630261
1.	0.05032247807662976	0.5004315861471681	1.0735605235881527
1.002	0.04933364408299107	0.4885638373949286	1.0724947200632882
1.004	0.04836822272705005	0.4770145394210612	1.0714441878439136
1.006	0.047425585925306823	0.46577497137807733	1.0704088479771334
1.008	0.04650512284153774	0.45483660709184914	1.0693886098579046
1.01	0.04560623949693943	0.44419111586214977	1.0683833722240765
1.012	0.04472835837808914	0.43383036224992066	1.0673930240935003
1.014	0.043870918047939744	0.42374640511397277	1.0664174456460838
1.016	0.04303337275763325	0.413931497153075	1.0654565090527657
1.018	0.042215192059327444	0.4043780834559335	1.0645100792537818
1.02	0.041415860423809514	0.3950787998835137	1.063578014688588
1.022	0.04063487685979339	0.38602647049129635	1.0626601679810572
1.024	0.03987175454184433	0.37721410549700074	1.0617563865796815
1.026	0.03912602043780539	0.36863489967498	1.0608665133567383
1.028	0.03839721494314441	0.3602822290506291	1.0599903871683123
1.03	0.03768489152160287	0.3521496479109154	1.0591278433767326
1.032	0.03698861635150075	0.3442308859694376	1.0582787143378398
1.034	0.03630796797772512	0.33651984504581844	1.0574428298550018
1.036	0.03564253697131747	0.32901059599160787	1.0566200176012501
1.038	0.03499192559375869	0.3216973754343877	1.0558101035107728
1.04	0.03435574746957992	0.3145745816962864	1.0550129121431007
1.042	0.03373362726697354	0.3076367717710915	1.0542282670211092
1.044	0.03312520038249556	0.30087865837999384	1.053455990942731
1.046	0.03253011263345357	0.2942951056024018	1.0526959062698809
1.048	0.03194801996008595	0.2878811254824476	1.0519478351942952
1.05	0.03137858813152378	0.2816318748372487	1.0512115999831115
1.052	0.030821492460736954	0.27554265139084766	1.0504870232045946
1.054	0.030276417525960386	0.26960889055464843	1.0497739279354765
1.056	0.02974305689851836	0.2638261613306797	1.0490721379509675
1.058	0.029221112880637667	0.2581901631749095	1.0483814778983935
1.06	0.028710296245818723	0.2526967228539817	1.0477017734557317
1.062	0.02821032598922174	0.24734179045883542	1.047032851475833
1.064	0.02772092908398338	0.24212143649861295	1.0463745401172577
1.066	0.02724184024322729	0.23703184837382818	1.045726668962778
1.068	0.02677280169048807	0.23206932713749906	1.0450890691261558
1.07	0.026313562934677293	0.22723028462931505	1.044461573348344
1.072	0.025863880551970808	0.22251123980765453	1.0438440160830516
1.074	0.025423517975446674	0.21790881595575018	1.043236233573174
1.076	0.024992245288147807	0.21341973786122292	1.0426380639185377
1.078	0.024569839024001783	0.20904082831031678	1.0420493471352605
1.08	0.02415608197490654	0.20687852454762123	1.041469925207496