0.001 0.9999999606480475 5.729697756124011e-7
0.002 0.9999997223808469 3.642429446126504e-6
0.003 0.9999992378987278 9.374047369613334e-6
0.004 0.9999985047856449 1.758013029587381e-5
0.005 0.9999975211182078 2.814699097892063e-5
0.006 0.9999962849580043 4.0994599383379024e-5
0.007 0.999994794347587 5.606210842299853e-5
0.008 0.999993047311407 7.330112758134308e-5
0.009000000000000001 0.999991041856016 9.267201944024023e-5
0.01 0.9999887759703393 0.00011414163651577955
0.011 0.9999862476254593 0.0001376818364556176
0.012 0.9999834547745826 0.00016326845446565868
0.013000000000000001 0.9999803953528991 0.00019088056310226383
0.014 0.9999770672773617 0.00022049992156716048
0.015 0.9999734684465695 0.0002521105549288094
0.016 0.9999695967405569 0.0002856984256275009
0.017 0.999965450020583 0.0003212511721399903
0.018000000000000002 0.999961026129008 0.0003587578976749768
0.019 0.9999563228890509 0.00039820899716730673
0.02 0.9999513381045813 0.00043959601386235766
0.021 0.9999460695599806 0.0004829115190044444
0.022 0.99994051501987 0.0005281490102036699
0.023 0.9999346722289377 0.0005753028246330814
0.024 0.9999285389117358 0.0006243680644260268
0.025 0.9999221127724748 0.0006753405321201573
0.026000000000000002 0.9999153914947736 0.0007282166745106668
0.027 0.9999083727415011 0.0007829935333641116
0.028 0.9999010541544882 0.0008396687021816268
0.029 0.9998934333543898 0.0008982402877604071
0.03 0.9998855079403688 0.0009587068762991016
0.031 0.9998772754899534 0.001021067502925655
0.032 0.9998687335587596 0.001085321624599132
0.033 0.9998598796802655 0.0011514690957043039
0.034 0.999850711365607 0.0012195101460275404
0.035 0.9998412261032814 0.0012894453609560573
0.036000000000000004 0.9998314213589825 0.0013612756633806379
0.037 0.9998212945752825 0.001435002297481793
0.038 0.9998108431714433 0.0015106268137576489
0.039 0.9998000645431072 0.0015881510555334414
0.04 0.9997889560621086 0.0016675771464454041
0.041 0.9997775150761958 0.0017489074791093222
0.042 0.9997657389087211 0.0018321447047512142
0.043000000000000003 0.9997536248584646 0.0019172917234926853
0.044 0.9997411701992933 0.002004351675613611
0.045 0.9997283721799473 0.0020933279333507416
0.046 0.9997152280237438 0.0021842240934278846
0.047 0.9997017349282814 0.002277043970147189
0.048 0.9996878900652177 0.002371791588888387
0.049 0.9996736905799164 0.0024684711802798313
0.05 0.9996591335912118 0.0025670871746017333
0.051000000000000004 0.9996442161911132 0.002667644196720131
0.052000000000000005 0.9996289354444797 0.002770147061408867
0.053 0.999613288388774 0.0028746007688398192
0.054 0.9995972720336846 0.0029810105006528357
0.055 0.999580883360956 0.003089381615968433
0.056 0.9995641193238932 0.0031997196481380868
0.057 0.9995469768472381 0.0033120303011975262
0.058 0.9995294528267089 0.003426319447031346
0.059000000000000004 0.9995115441287629 0.003542593122450865
0.06 0.9994932475902433 0.003660857526617459
0.061 0.9994745600180437 0.0037811190186179964
0.062 0.999455478188804 0.0039033841151705144
0.063 0.9994359988485256 0.004027659488613897
0.064 0.9994161187122719 0.004153951964883879
0.065 0.9993958344638247 0.004282268521739077
0.066 0.9993751427553064 0.004412616287137873
0.067 0.9993540402068192 0.004545002537737029
0.068 0.9993325234061309 0.004679434697414432
0.069 0.9993105889082861 0.004815920336012601
0.07 0.9992882332352113 0.00495446716820529
0.07100000000000001 0.9992654528754003 0.005095083052325728
0.07200000000000001 0.999242244283452 0.005237775989508786
0.073 0.9992186038797907 0.005382554122652467
0.074 0.9991945280501677 0.0055294257357791955
0.075 0.9991700131453777 0.0056783992531636174
0.076 0.9991450554807739 0.005829483238814703
0.077 0.9991196513358827 0.005982686395880588
0.078 0.9990937969540551 0.006138017566076728
0.079 0.9990674885419539 0.0062954857294068925
0.08 0.9990407222692219 0.006455100003680659
0.081 0.9990134942680136 0.006616869644285864
0.082 0.99898580063256 0.006780804043959753
0.083 0.9989576374187374 0.006946912732623441
0.084 0.9989290006436448 0.007115205377224709
0.085 0.9988998862851336 0.007285691781715391
0.08600000000000001 0.9988702902813394 0.0074583818870644775
0.08700000000000001 0.9988402085302811 0.007633285771210189
0.088 0.9988096368893106 0.007810413649284635
0.089 0.9987785711747151 0.00798977587363942
0.09 0.9987470071611888 0.008171382934095393
0.091 0.9987149405813808 0.008355245458130382
0.092 0.9986823671253547 0.008541374211213596
0.093 0.9986492824401506 0.008729780097050416
0.094 0.9986156821292393 0.00892047415798869
0.095 0.9985815617519987 0.009113467575436348
0.096 0.9985469168232505 0.00930877167021248
0.097 0.9985117428126608 0.00950639790312678
0.098 0.9984760351442569 0.009706357875422884
0.099 0.9984397891958952 0.00990866332931229
0.1 0.9984030002986491 0.0101133261486525
0.101 0.9983656637363035 0.010320358359477148
0.10200000000000001 0.9983277747447838 0.010529772130678043
0.10300000000000001 0.9982893285115997 0.0107415797746653
0.10400000000000001 0.9982503201751959 0.01095579374818496
0.105 0.9982107448244738 0.011172426652922124
0.106 0.9981705974980583 0.011391491236490277
0.107 0.9981298731838548 0.011613000393016212
0.108 0.9980885668182983 0.011836967164182144
0.109 0.9980466732858182 0.012063404739994503
0.11 0.9980041874181514 0.0122923264597809
0.111 0.9979611039937601 0.012523745813056387
0.112 0.9979174177371106 0.012757676440593857
0.113 0.9978731233180944 0.012994132135329704
0.114 0.9978282153513086 0.01323312684345311
0.115 0.9977826883954306 0.013474674665432965
0.116 0.9977365369524794 0.013718789857176316
0.117 0.9976897554671424 0.013965486831111427
0.11800000000000001 0.9976423383260788 0.014214780157357021
0.11900000000000001 0.9975942798572145 0.01446668456485852
0.12 0.9975455743289929 0.014721214942677864
0.121 0.9974962159496458 0.014978386341181085
0.122 0.9974461988664696 0.015238213973298451
0.123 0.9973955171650518 0.015500713215895131
0.124 0.9973441648684819 0.01576589961109469
0.125 0.9972921359366276 0.016033788867555833
0.126 0.9972394242652705 0.016304396862000404
0.127 0.9971860236853801 0.016577739640604133
0.128 0.9971319279622924 0.016853833420212537
0.129 0.997077130794832 0.01713269459008231
0.13 0.9970216258145538 0.017414339713277917
0.131 0.9969654065848182 0.017698785528288276
0.132 0.996908466599983 0.01798604895052218
0.133 0.9968507992845246 0.01827614707392145
0.134 0.9967923979920974 0.018569097172681744
0.135 0.9967332560047261 0.018864916702788795
0.136 0.9966733665318394 0.01916362330375425
0.137 0.9966127227093561 0.019465234800351807
0.138 0.9965513175987114 0.019769769204420678
0.139 0.9964891441859981 0.02007724471650178
0.14 0.9964261953808907 0.020387679727827616
0.14100000000000001 0.996362464015724 0.02070109282206262
0.14200000000000002 0.996297942844488 0.021017502777234166
0.14300000000000002 0.9962326245418347 0.021336928567612306
0.14400000000000002 0.9961665017020352 0.021659389365669766
0.145 0.9960995668378996 0.02198490454416546
0.146 0.996031812379793 0.022313493678011092
0.147 0.9959632306745201 0.022645176546386342
0.148 0.9958938139842747 0.022979973134782047
0.149 0.9958235544854508 0.023317903637256786
0.15 0.9957524442676559 0.023658988458388777
0.151 0.9956804753323992 0.024003248215691025
0.152 0.9956076395921474 0.02435070374155323
0.153 0.9955339288689343 0.024701376085813957
0.154 0.9954593348933217 0.02505528651784407
0.155 0.9953838493031758 0.02541245652890585
0.156 0.9953074636423337 0.025772907834674046
0.157 0.9952301693594602 0.02613666237751344
0.158 0.9951519578067802 0.026503742328921828
0.159 0.9950728202387289 0.026874170092131975
0.16 0.9949927478106879 0.027247968304566644
0.161 0.994911731577659 0.027625159840421295
0.162 0.994829762492936 0.028005767813242807
0.163 0.9947468314066894 0.028389815578667384
0.164 0.9946629290646218 0.028777326737050062
0.165 0.9945780461065423 0.02916832513622285
0.166 0.9944921730649293 0.029562834874292416
0.167 0.9944053003635124 0.02996088030240183
0.168 0.9943174183157599 0.030362486027676067
0.169 0.994228517123372 0.030767676916129184
0.17 0.9941385868747976 0.031176478095576183
0.171 0.9940476175436294 0.031588914958722
0.17200000000000001 0.9939555989871348 0.032005013166067
0.17300000000000001 0.9938625209445313 0.032424798649198255
0.17400000000000002 0.993768373035467 0.0328482976137922
0.17500000000000002 0.9936731447583054 0.033275536542923895
0.176 0.9935768254885118 0.033706542200218015
0.177 0.9934794044768829 0.0341413416332611
0.178 0.9933808708478956 0.03457996217683291
0.179 0.993281213597907 0.03502243145639196
0.18 0.9931804215933253 0.03546877739158113
0.181 0.9930784835689292 0.03591902819956957
0.182 0.9929753881258638 0.03637321239884237
0.183 0.992871123729943 0.0368313588125955
0.184 0.992765678709586 0.03729349657262051
0.185 0.992659041253989 0.03775965512291818
0.186 0.9925511994110973 0.03822986422356551
0.187 0.9924421410856985 0.03870415395445675
0.188 0.9923318540372965 0.0391825547193707
0.189 0.9922203258780815 0.039665097249885074
0.19 0.9921075440708522 0.04015181260937183
0.191 0.9919934959269064 0.040642732197114534
0.192 0.9918781686038118 0.04113788775256618
0.193 0.9917615491032217 0.041637311359559157
0.194 0.9916436242687003 0.04214103545049736
0.195 0.9915243807833809 0.04264909281079823
0.196 0.9914038051676405 0.04316151658340447
0.197 0.9912818837768549 0.04367834027310428
0.198 0.9911586027988485 0.04419959775139088
0.199 0.9910339482516058 0.04472532326082666
0.2 0.9909079059806849 0.045255551420085464
0.201 0.990780461656823 0.04579031722842796
0.202 0.9906516007732614 0.04632965607081783
0.203 0.9905213086432502 0.04687360372275159
0.20400000000000001 0.9903895703973395 0.04742219635534954
0.20500000000000002 0.9902563709807031 0.047975470540453286
0.20600000000000002 0.9901216951504428 0.04853346325580172
0.20700000000000002 0.9899855274727303 0.04909621189041788
0.20800000000000002 0.9898478523200481 0.04966375424988135
0.209 0.98970865386833 0.05023612856174273
0.21 0.98956791609395 0.05081337348116167
0.211 0.9894256227708425 0.05139552809645391
0.212 0.9892817574673812 0.05198263193493
0.213 0.9891363035433752 0.052574724968637375
0.214 0.9889892441468869 0.05317184762027521
0.215 0.9888405622110461 0.05377404076923298
0.216 0.9886902404508607 0.05438134575764369
0.217 0.9885382613598527 0.05499380439665259
0.218 0.9883846072067263 0.055611458972661766
0.219 0.9882292600319966 0.05623435225371811
0.22 0.9880722016444149 0.056862527496137474
0.221 0.9879134136174754 0.057496028451096304
0.222 0.9877528772858839 0.0581348993712484
0.223 0.9875905737417642 0.058779185017724785
0.224 0.9874264838310762 0.05942893066690683
0.225 0.9872605881497 0.06008418211766108
0.226 0.9870928670396046 0.06074498569850587
0.227 0.9869233005849569 0.06141138827484276
0.228 0.9867518686080721 0.06208343725644319
0.229 0.9865785506653496 0.06276118060501568
0.23 0.9864033260431501 0.06344466684181445
0.231 0.9862261737535333 0.06413394505555903
0.232 0.986047072530002 0.06482906491027014
0.233 0.9858660008230546 0.06553007665345671
0.234 0.9856829367958495 0.0662370311242087
0.23500000000000001 0.985497858319503 0.06694997976172765
0.23600000000000002 0.9853107429686375 0.06766897461352961
0.23700000000000002 0.9851215680165856 0.06839406834427385
0.23800000000000002 0.984930310430608 0.06912531424455542
0.23900000000000002 0.9847369468670261 0.06986276623976408
0.24 0.9845414536662286 0.07060647889925395
0.241 0.9843438068476715 0.07135650744547292
0.242 0.9841439821046174 0.07211290776355771
0.243 0.983941954798996 0.07287573641071173
0.244 0.9837376999559468 0.07364505062604365
0.245 0.9835311922585082 0.07442090834033191
0.246 0.9833224060419505 0.0752033681862792
0.247 0.9831113152881393 0.07599248950864865
0.248 0.9828978936198606 0.07678833237459058
0.249 0.9826821142948124 0.07759095758445905
0.25 0.9824639501997939 0.07840042668238213
0.251 0.9822433738444265 0.07921680196748865
0.252 0.9820203573550779 0.08004014650488682
0.253 0.9817948724685519 0.08087052413701268
0.254 0.9815668905254822 0.08170799949542297
0.255 0.9813363824639821 0.08255263801229046
0.256 0.9811033188127414 0.0834045059326438
0.257 0.9808676696843528 0.08426367032631585
0.258 0.9806294047682763 0.08513019910054292
0.259 0.9803884933237531 0.08600416101256805
0.26 0.980144904172664 0.08688562568230329
0.261 0.9798986056920108 0.08777466360574507
0.262 0.9796495658065554 0.08867134616803031
0.263 0.9793977519810684 0.08957574565711639
0.264 0.9791431312125726 0.09048793527758452
0.265 0.9788856700223089 0.09140798916476914
0.266 0.9786253344477328 0.09233598239884389
0.267 0.9783620900341278 0.09327199101970719
0.268 0.9780959018262717 0.09421609204152474
0.269 0.9778267343597142 0.09516836346807014
0.27 0.9775545516521084 0.09612888430802825
0.271 0.97727931719414 0.09709773459072492
0.272 0.9770009939405794 0.09807499538180385
0.273 0.9767195443007987 0.09906074879975277
0.274 0.9764349301293911 0.10005507803232341
0.275 0.9761471127163818 0.10105806735351705
0.276 0.9758560527774138 0.10206980214064723
0.277 0.9755617104436233 0.1030903688918791
0.278 0.9752640452513908 0.10411985524400129
0.279 0.9749630161318101 0.10515834999060023
0.28 0.974658581400003 0.10620594310052212
0.281 0.9743506987441843 0.10726272573669335
0.28200000000000003 0.9740393252144881 0.10832879027545064
0.28300000000000003 0.9737244172116 0.10940423032588309
0.28400000000000003 0.9734059304751866 0.11048914074976417
0.28500000000000003 0.9730838200720676 0.11158361768176414
0.28600000000000003 0.972758040384 0.11268775855036525
0.28700000000000003 0.972428545095427 0.11380166209874266
0.28800000000000003 0.9720952871807894 0.11492542840640829
0.289 0.9717582188917974 0.11605915891082998
0.29 0.9714172917441917 0.11720295642992638
0.291 0.971072456504304 0.11835692518477055
0.292 0.9707236631755168 0.11952117082256332
0.293 0.9703708609841993 0.1206958004403415
0.294 0.9700139983653276 0.12188092260918744
0.295 0.9696530229482307 0.12307664739832194
0.296 0.9692878815413597 0.12428308640056154
0.297 0.9689185201173199 0.12550035275742033
0.298 0.9685448837973195 0.12672856118510417
0.299 0.9681669168352813 0.12796782800117243
0.3 0.9677845626015628 0.12921827115169965
0.301 0.9673977635666086 0.13048001023832073
0.302 0.9670064612839341 0.13175316654666236
0.303 0.966610596372963 0.13303786307466708
0.304 0.966210108501343 0.13433422456188196
0.305 0.965804936366961 0.13564237751914474
0.306 0.9653950176795973 0.13696245025889497
0.307 0.9649802891420564 0.13829457292611028
0.308 0.9645606864310424 0.13963887752978776
0.309 0.9641361441774569 0.14099549797516225
0.31 0.9637065959464409 0.14236457009633516
0.311 0.9632719742168141 0.14374623168981732
0.312 0.9628322103602226 0.14514062254851356
0.313 0.9623872346196476 0.14654788449658873
0.314 0.9619369760875291 0.14796816142504526
0.315 0.9614813626834912 0.14940159932766184
0.316 0.9610203211313983 0.15084834633800284
0.317 0.9605537769360316 0.15230855276705435
0.318 0.9600816543592761 0.15378237114149287
0.319 0.9596038763955163 0.15526995624312911
0.32 0.9591203647469179 0.15677146514842036
0.321 0.9586310397977238 0.15828705726944584
0.322 0.958135820588261 0.15981689439548483
0.323 0.957634624788125 0.16136114073547872
0.324 0.9571273686690647 0.1629199629610642
0.325 0.9566139670768747 0.16449353025100996
0.326 0.9560943334030709 0.16608201433574332
0.327 0.9555683795554858 0.16768558954383397
0.328 0.9550360159286186 0.16930443284838956
0.329 0.9544971513729271 0.1709387239151881
0.33 0.9539516931636232 0.17258864515131228
0.331 0.9533995469688691 0.17425438175471783
0.332 0.9528406168169141 0.17593612176529297
0.333 0.9522748050626693 0.177634056116568
0.334 0.9517020123535815 0.17934837868852596
0.335 0.9511221375945157 0.18107928636151352
0.336 0.9505350779120846 0.18282697907116438
0.337 0.949940728617903 0.1845916598645957
0.338 0.9493389831711154 0.18637353495767406
0.339 0.9487297331399377 0.1881728137935294
0.34 0.9481128681624588 0.18998970910210658
0.341 0.947488275906435 0.1918244369608549
0.342 0.9468558420281891 0.1936772168569047
0.343 0.9462154501303653 0.19554827175042155
0.34400000000000003 0.9455669817190051 0.19743782813899696
0.34500000000000003 0.9449103161593111 0.19934611612381312
0.34600000000000003 0.944245330630553 0.2012733694765811
0.34700000000000003 0.9435719000798604 0.20321982570820182
0.34800000000000003 0.942889897174885 0.20518572613864547
0.34900000000000003 0.942199192255384 0.2071713159684372
0.35000000000000003 0.9414996532835589 0.20917684435139897
0.35100000000000003 0.940791145793317 0.21120256446876357
0.352 0.9400735328382367 0.2132487336051816
0.353 0.9393466749384138 0.21531561322541473
0.354 0.938610430026107 0.2174034690531203
0.355 0.9378646533898808 0.21951257115123504
0.356 0.9371091976172833 0.22164319400440485
0.357 0.9363439125362955 0.22379561660241626
0.358 0.9355686451556361 0.22597012252507861
0.359 0.9347832396031472 0.2281670000293085
0.36 0.9339875370632703 0.23038654213710835
0.361 0.9331813757124526 0.2326290467260967
0.362 0.9323645906533894 0.23489481662138811
0.363 0.9315370138475404 0.2371841596890709
0.364 0.9306984740459437 0.23949738893199146
0.365 0.9298487967184643 0.2418348225869277
0.366 0.9289878039812303 0.24419678422373015
0.367 0.9281153145223265 0.2465836028464432
0.368 0.9272311435259281 0.2489956129958353
0.369 0.9263351025942557 0.251433154854372
0.37 0.925426999667906 0.2538965743526332
0.371 0.9245066389439861 0.2563862232781432
0.372 0.9235738207926542 0.25890245938553985
0.373 0.922628341671102 0.26144564650944313
0.374 0.9216699940359606 0.2640161546786029
0.375 0.9206985662533257 0.26661436023237306
0.376 0.9197138425066538 0.26924064593901587
0.377 0.9187156027026746 0.2718954011158628
0.378 0.9177036223743823 0.27457902175225196
0.379 0.916677672582395 0.27729191063345837
0.38 0.9156375198137083 0.28003447746679344
0.381 0.9145829258778421 0.28280713901016874
0.382 0.9135136478006922 0.2856103192022899
0.383 0.9124294377157847 0.288444449294734
0.384 0.9113300427528721 0.2913099679863073
0.385 0.91021520492364 0.2942073215592964
0.386 0.9090846610052692 0.29713696401689266
0.387 0.9079381424208762 0.3000993572231225
0.388 0.9067753751172922 0.30309497104407346
0.389 0.9055960794396254 0.30612428349161863
0.39 0.9043999700031774 0.30918778086804855
0.391 0.9031867555621977 0.3122859579129507
0.392 0.9019561388758784 0.31541931795092043
0.393 0.9007078165709829 0.3185883730411216
0.394 0.8994414790010921 0.32179364412866657
0.395 0.8981568101031626 0.3250356611963534
0.396 0.8968534872502375 0.3283149634184132
0.397 0.8955311811012658 0.33163209931476806
0.398 0.8941895554473338 0.3349876269063835
0.399 0.8928282670543917 0.33838211387100914
0.4 0.8914469655027439 0.3418161376997948
0.401 0.8900452930226438 0.3452902858545563
0.402 0.8886228843268488 0.348805155924205
0.403 0.8871793664388374 0.35236135578251826
0.404 0.8857143585179008 0.35595950374440544
0.405 0.8842274716802447 0.35960022872232233
0.406 0.8827183088168576 0.36328417038118077
0.40700000000000003 0.8811864644066415 0.36701197929333895
0.40800000000000003 0.879631524326987 0.370784317089941
0.40900000000000003 0.8780530656594118 0.3746018566129138
0.41000000000000003 0.8764506564924445 0.37846528206249735
0.41100000000000003 0.8748238557197963 0.382375289143638
0.41200000000000003 0.8731722128355186 0.38633258520784197
0.41300000000000003 0.8714952677247149 0.39033788939223046
0.41400000000000003 0.8697925504505999 0.3943919327544733
0.41500000000000004 0.8680635810384958 0.3984954584019907
0.41600000000000004 0.8663078692552946 0.40264922161652084
0.417 0.8645249143855688 0.40685398997241795
0.418 0.8627142050045443 0.41111054344742676
0.419 0.8608752187468431 0.4154196745265799
0.42 0.8590074220723041 0.4197821882975658
0.421 0.8571102700289807 0.42419890253589126
0.422 0.8551832060120191 0.42867064778023695
0.423 0.8532256615203997 0.4331982673958442
0.424 0.851237055910196 0.43778261762699927
0.425 0.8492167961463626 0.4424245676325013
0.426 0.8471642765516392 0.4471249995086282
0.427 0.845078878552368 0.45188480829552236
0.428 0.8429599704243982 0.45670490196432134
0.429 0.8408069070363852 0.4615862013852749
0.43 0.8386190295919208 0.4665296402759103
0.431 0.8363956653717486 0.47153616512459157
0.432 0.8341361274754786 0.4766067350890131
0.433 0.8318397145628207 0.481742321870134
0.434 0.8295057105975369 0.4869439095528056
0.435 0.8271333845902711 0.49221249442020804
0.436 0.8247219903454939 0.49754908472950826
0.437 0.8222707662104369 0.5029547004538166
0.438 0.8197789348278675 0.5084303729835977
0.439 0.8172457028929095 0.5139771447859744
0.44 0.8146702609162663 0.5195960690184124
0.441 0.8120517829928448 0.525288209093541
0.442 0.8093894265784705 0.5310546381923013
0.443 0.8066823322766238 0.5368964387168851
0.444 0.803929623631355 0.5428147016918131
0.445 0.8011304069362457 0.5488105260923103
0.446 0.7982837710546021 0.5548850181057149
0.447 0.7953887872538927 0.5610392903219453
0.448 0.7924445090571852 0.567274460843704
0.449 0.7894499721132315 0.5735916523124123
0.45 0.7864041940880848 0.5799919908435323
0.451 0.7833061745789659 0.5864766048684117
0.452 0.780154895052864 0.5930466238733159
0.453 0.7769493188135812 0.5997031770319893
0.454 0.7736883910002079 0.6064473917211671
0.455 0.7703710386205864 0.6132803919138733
0.456 0.766996170619041 0.6202032964464719
0.457 0.7635626779878381 0.6272172171444966
0.458 0.7600694339218693 0.6343232568061891
0.459 0.756515294022938 0.6415225070276868
0.46 0.7528990965550618 0.6488160458713418
0.461 0.749219662759865 0.656204935355696
0.462 0.7454757972329362 0.6636902187682941
0.463 0.7416662883688127 0.6712729177839151
0.464 0.7377899088786326 0.6789540293832853
0.465 0.733845416388453 0.686734522556889
0.466 0.7298315541222566 0.6946153347868231
0.467 0.7257470516785617 0.7025973682934414
0.468 0.7215906259046957 0.7106814860403059
0.46900000000000003 0.7173609818812741 0.7188685074750272
0.47000000000000003 0.7130568140200823 0.727159204007447
0.47100000000000003 0.7086768072858205 0.7355542942035447
0.47200000000000003 0.7042196385502861 0.744054438690276
0.47300000000000003 0.6996839780932205 0.7526602347490807
0.47400000000000003 0.695068491247969 0.76137221060171
0.47500000000000003 0.6903718402160898 0.7701908193645143
0.47600000000000003 0.6855926860512066 0.7791164326649285
0.47700000000000004 0.6807296908286637 0.7881493339100888
0.47800000000000004 0.6757815200135344 0.7972897111914025
0.47900000000000004 0.6707468450356671 0.8065376498285459
0.48 0.6656243460895536 0.8158931245266623
0.481 0.6604127151656571 0.8253559911575563
0.482 0.6551106593328708 0.8349259781464393
0.483 0.6497169042826274 0.8446026774625769
0.484 0.644230198153626 0.8543855352100141
0.485 0.638649315644506 0.8642738418251162
0.486 0.6329730624358109 0.8742667218714583
0.487 0.627200279934469 0.8843631234431907
0.488 0.6213298503565337 0.8945618071769056
0.489 0.6153607021568577 0.9048613348995158
0.49 0.6092918158348488 0.9152600579003762
0.491 0.6031222301121139 0.9257561048720747
0.492 0.5968510485134704 0.9363473695245805
0.493 0.5904774463539131 0.9470314979079005
0.494 0.5840006781442173 0.9578058754740189
0.495 0.5774200854393163 0.9686676139212471
0.496 0.5707351051183966 0.9796135378679944
0.497 0.5639452781210113 0.9906401714009834
0.498 0.5570502586382524 1.0017437245737126
0.499 0.550049823768156 1.0129200798938292
0.5 0.5429438836286247 1.0241647789121637
0.501 0.5357324919266797 1.0354730089835542
0.502 0.5284158569874526 1.0468395902746184
0.503 0.5209943532168919 1.0582589631682058
0.504 0.5134685330032567 1.0697251761249056
0.505 0.5058391390046165 1.0812318741789433
0.506 0.49810711683111686 1.0927722881620492
0.507 0.4902736280645761 1.1043392248211037
0.508 0.4823400635794348 1.1159250579744961
0.509 0.47430805707177015 1.127521720936348
0.51 0.4661794982741163 1.1391207008535755
0.511 0.4579565483302063 1.1507130323869275
0.512 0.4496416527057274 1.1622892959407247
0.513 0.44123755493990635 1.1738396167671001
0.514 0.4327473104609576 1.1853536659254824
0.515 0.4241743006592622 1.1968206634714953
0.516 0.41552224533823295 1.2082293849921235
0.517 0.40679521519790873 1.2195681705084453
0.518 0.39799764363095474 1.230824936212592
0.519 0.3891343375746197 1.2419871894071144
0.52 0.38021048720371525 1.2530420469625312
0.521 0.3712316739951956 1.2639762574178393
0.522 0.36220387758650713 1.2747762266085925
0.523 0.3531334819144628 1.2854280457855416
0.524 0.3440272768318148 1.2959175262006708
0.525 0.3348924589719261 1.3062302361437454
0.526 0.3257366287899097 1.316351543071836
0.527 0.3165677874007006 1.3262666569840826
0.528 0.3073943261094911 1.3359606818335286
0.529 0.2982250149027859 1.345418668336082
0.53 0.289068986201526 1.3546256710706015
0.531 0.27993571446281207 1.3635668093211548
0.532 0.2708349913214366 1.3722273314891895
0.533 0.2617768956799777 1.3805926821261902
0.534 0.25277175903236054 1.3886485719444759
0.535 0.2438301253843948 1.3963810503473864
0.536 0.23496270612545883 1.4037765792635428
0.537 0.2261803293197276 1.4108221086253319
0.538 0.21749388420976434 1.4175051524452034
0.539 0.2089142606138093 1.4238138648753087
0.54 0.20045228386703057 1.4297371156532332
0.541 0.19211864576314497 1.4352645641820878
0.542 0.18392383216489788 1.4403867315094754
0.543 0.17587804815969177 1.4450950693677767
0.544 0.16799114178112046 1.4493820255697856
0.545 0.16027252746509707 1.4532411049722285
0.546 0.15273111053342364 1.456666925254949
0.547 0.14537521409658027 1.4596552667497675
0.548 0.13821250985179334 1.462203115680279
0.549 0.13124995424729535 1.4643087001575177
0.55 0.12449373145244036 1.4659715183735456
0.551 0.11794920447433116 1.4671923585083158
0.552 0.11162087560550493 1.4679733099547152
0.553 0.10551235717548929 1.4683177655662702
0.554 0.09962635331946368 1.4682304147378773
0.555 0.09396465318136571 1.4677172272419217
0.556 0.08852813564973988 1.4667854278589407
0.557 0.08331678539958925 1.4654434619587802
0.558 0.0783297196987715 1.4637009523043778
0.559 0.07356522515001218 1.4615686474648242
0.56 0.06902080329173238 1.459058362330725
0.561 0.06469322378589537 1.4561829113264952
0.562 0.06057858378481501 1.4529560350041184
0.5630000000000001 0.0566723719931736 1.4493923207826351
0.5640000000000001 0.052969535927733735 1.4455071186637607
0.5650000000000001 0.04946455091775015 1.4413164528064792
0.5660000000000001 0.04615148947797093 1.4368369298816654
0.5670000000000001 0.043024089813194055 1.4320856451495954
0.5680000000000001 0.04007582236716306 1.4270800872105764
0.5690000000000001 0.037299953500556426 1.421838042371127
0.5700000000000001 0.03468960556041362 1.4163774995452654
0.5710000000000001 0.032237812779930264 1.4107165565747515
0.5720000000000001 0.029937572615446884 1.4048733288042665
0.5730000000000001 0.02778189228089828 1.3988658606879565
0.5740000000000001 0.025763830376250907 1.3927120411360563
0.5750000000000001 0.02387653362249903 1.386429523233201
0.5760000000000001 0.022113268812605114 1.3800356488801184
0.577 0.02046745016432766 1.3735473788236086
0.578 0.018932662318496052 1.3669812284528946
0.579 0.017502679268197707 1.3603532096516555
0.58 0.016171479531314314 1.353678778914582
0.581 0.014933257892086105 1.346972791819421
0.582 0.013782434044367187 1.3402494639428573
0.583 0.012713658462326527 1.3335223381425596
0.584 0.011721815815983083 1.3268042581102557
0.585 0.010802026234325579 1.3201073480303682
0.586 0.00994964470013543 1.313442998118025
0.587 0.009160258841095559 1.3068218557642932
0.588 0.0084296853609504 1.3002538219757669
0.589 0.00775396533244832 1.2937480527624463
0.59 0.00712935855339375 1.2873129651034951
0.591 0.006552337145774467 1.2809562471009197
0.592 0.006019578559039784 1.2746848719203623
0.593 0.005527958119675991 1.268505115112257
0.594 0.005074541252082343 1.2624225749070972
0.595 0.004656575479873304 1.2564421950837135
0.596 0.004271482302345253 1.250568290019983
0.597 0.003916849027180869 1.2448045715475256
0.598 0.0035904206289424367 1.2391541772506118
0.599 0.003290091691614372 1.233619699867432
0.6 0.0030138984843129935 1.2282032174746684
0.601 0.0027600112103300933 1.2229063241583145
0.602 0.0025267264622461094 1.2177301608989322
0.603 0.0023124599090453835 1.2126754464231928
0.604 0.0021157392353035043 1.207742507799021
0.605 0.0019351973474766027 1.202931310575721
0.606 0.0017695658575345719 1.198241488306827
0.607 0.0016176688515642246 1.1936723712477189
0.608 0.0014784169446125373 1.1892230142129934
0.609 0.0013508016245327714 1.1848922233739738
0.61 0.0012338898818147759 1.1806785819653676
0.611 0.0011268191218151147 1.176580474821263
0.612 0.001028792353828245 1.1725961116919201
0.613 0.0009390736504252817 1.1687235493014323
0.614 0.0008569838691980247 1.1649607121122945
0.615 0.0007818966276558759 1.161305411836855
0.616 0.0007132345227675585 1.1577553656394306
0.617 0.0006504655849273733 1.1543082130750086
0.618 0.0005930999563264483 1.1509615317798298
0.619 0.0005406867835648921 1.1477128519424424
0.62 0.0004928113141168255 1.144559669591527
0.621 0.00044909218646482785 1.1414994587410212
0.622 0.00040917890380048894 1.1385296824376767
0.623 0.00037274948120269435 1.1356478027595869
0.624 0.00033950825668549456 1.1328512898159866
0.625 0.00030918385661216075 1.1301376298013879
0.626 0.0002815273062913848 1.1275043321572806
0.627 0.00025631027705375065 1.1249489358953493
0.628 0.00023332346113402735 1.122469015144892
0.629 0.00021237506668292383 1.1200621839416551
0.63 0.00019328942466045884 1.1177261003605987
0.631 0.00017590570042685938 1.115458470025059
0.632 0.00016007670311157796 1.1132570490232359
0.633 0.00014566778608898767 1.1111196463058588
0.634 0.00013255583215443512 1.1090441255869565
0.635 0.00012062831750170311 1.107028406803213
0.636 0.00010978244865877951 1.1050704671911828
0.637 9.992436719635789e-5 1.1031683419785676
0.638 9.09684168517999e-5 1.1013201247733904
0.639 8.283646806833689e-5 1.0995239676697441
0.64 7.545729576480253e-5 1.0977780810586415
0.641 6.876600487648599e-5 1.0960807332365539
0.642 6.270349912396167e-5 1.0944302498623162
0.643 5.721598896224478e-5 1.0928250132206483
0.644 5.225453807117253e-5 1.091263461134556
0.645 4.7774632874975076e-5 1.0897440861508836
0.646 4.373578351152263e-5 1.0882654342912539
0.647 4.0101145773907554e-5 1.086826103863747
0.648 3.683716026264827e-5 1.0854247441361071
0.649 3.391320680368182e-5 1.0840600539161027
0.65 3.130127334421973e-5 1.0827307802622086
0.651 2.8975634465855382e-5 1.0814357170835054
0.652 2.6912551017999053e-5 1.0801737035825314
0.653 2.5089984704296242e-5 1.0789436228802294
0.654 2.348733979584683e-5 1.07774440051941
0.655 2.2085242818881134e-5 1.0765750030254557
0.656 2.0865361708810592e-5 1.0754344364430515
0.657 1.9810283036381104e-5 1.074321744934108
0.658 1.8903438443684806e-5 1.0732360094068232
0.659 1.812909159298881e-5 1.0721763460963811
0.66 1.7472358236014784e-5 1.071141905147933
0.661 1.6919260348469134e-5 1.0701318693781332
0.662 1.6456798502761938e-5 1.0691454529380582
0.663 1.607300907857656e-5 1.0681819001350559
0.664 1.5757011349537553e-5 1.0672404842571177
0.665 1.54990243754205e-5 1.066320506252396
0.666 1.5290358013175798e-5 1.0654212937391954
0.667 1.5123375889991575e-5 1.0645421998525246
0.668 1.4991435123734576e-5 1.063682602214628
0.669 1.4888805964452523e-5 1.062841901888765
0.67 1.4810588265801172e-5 1.0620195224310616
0.671 1.4752618042734866e-5 1.0612149089024943
0.672 1.4711385304067015e-5 1.0604275270406316
0.673 1.4683940572912668e-5 1.0596568623836267
0.674 1.4667818977243119e-5 1.0589024193083305
0.675 1.4660966985491353e-5 1.0581637204391496
0.676 1.4661683389427527e-5 1.0574403056971244
0.677 1.4668558762087613e-5 1.0567317316534104
0.678 1.4680430187985483e-5 1.0560375708616707
0.679 1.4696340371433969e-5 1.055357411212282
0.68 1.4715501936435338e-5 1.0546908552408507
0.681 1.4737269335318715e-5 1.054037519490811
0.682 1.4761115434636096e-5 1.0533970339767798
0.683 1.4786609221939528e-5 1.0527690416496966
0.684 1.48133987191712e-5 1.0521531978538425
0.685 1.4841197727488709e-5 1.051549169776885
0.686 1.4869774643877509e-5 1.0509566360052611
0.687 1.4898943132113374e-5 1.0503752860511941
0.6880000000000001 1.4928551338055929e-5 1.0498048198936527
0.6890000000000001 1.4958476511339747e-5 1.0492449476694206
0.6900000000000001 1.4988623438239035e-5 1.0486953890393718
0.6910000000000001 1.5018916224240897e-5 1.0481558731084057
0.6920000000000001 1.5049293835833755e-5 1.0476261380767442
0.6930000000000001 1.507970850356255e-5 1.0471059304901817
0.6940000000000001 1.5110124083894672e-5 1.0465950050829955
0.6950000000000001 1.5140514591893695e-5 1.0460931245384568
0.6960000000000001 1.5170860482693893e-5 1.0456000591505392
0.6970000000000001 1.5201148438004353e-5 1.0451155865305604
0.6980000000000001 1.5231368442780724e-5 1.0446394913416917
0.6990000000000001 1.526151555225619e-5 1.0441715649863406
0.7000000000000001 1.529158803070807e-5 1.0437116055235791
0.7010000000000001 1.532158655864757e-5 1.0432594167452596
0.7020000000000001 1.5351516028438983e-5 1.0428148093705358
0.7030000000000001 1.5381381863632804e-5 1.0423775997251845
0.704 1.5411188517333585e-5 1.0419476096555667
0.705 1.544094352723402e-5 1.041524666325911
0.706 1.547065410617554e-5 1.0411086020746145
0.707 1.5500328584161505e-5 1.0406992542772133
0.708 1.5529976638561926e-5 1.040296465164402
0.709 1.5559606082737876e-5 1.039900081649611
0.71 1.558922849786981e-5 1.0395099551699825
0.711 1.561885320550127e-5 1.0391259415178988
0.712 1.564848883622849e-5 1.0387479006918598
0.713 1.5678144995423526e-5 1.038375696758718
0.714 1.57078306805003e-5 1.0380091975621797
0.715 1.573755635914109e-5 1.0376482748345581
0.716 1.5767332412819357e-5 1.0372928040451181
0.717 1.5797168667119887e-5 1.0369426643243536
0.718 1.5827073985397178e-5 1.036597737990344
0.719 1.5857056674561942e-5 1.0362579107395873
0.72 1.5887125783597966e-5 1.0359230714201941
0.721 1.591729127503605e-5 1.0355931120658957
0.722 1.5947561356477458e-5 1.0352679276677597
0.723 1.597794485969084e-5 1.034947416052924
0.724 1.6008450305193822e-5 1.034631477819547
0.725 1.603908597630488e-5 1.0343200163865744
0.726 1.606986183222414e-5 1.0340129376856675
0.727 1.6100786185579974e-5 1.0337101502013248
0.728 1.6131865009150204e-5 1.0334115648948032
0.729 1.6163105111766107e-5 1.0331170950716684
0.73 1.619451490358914e-5 1.0328266563418513
0.731 1.6226102315053392e-5 1.0325401665492246
0.732 1.6257873545533208e-5 1.0322575456986942
0.733 1.6289833836669043e-5 1.0319787158879021
0.734 1.6321993370704835e-5 1.0317036012419976
0.735 1.6354357873726855e-5 1.0314321278530116
0.736 1.638693315786366e-5 1.0311642237185947
0.737 1.6419725766769755e-5 1.0308998186854583
0.738 1.6452741293582207e-5 1.0306388443935308
0.739 1.6485985726455432e-5 1.0303812342169165
0.74 1.6519465658948462e-5 1.030126923216646
0.741 1.6553186355849903e-5 1.0298758480899461
0.742 1.6587153198577287e-5 1.0296279471196774
0.743 1.662137030145061e-5 1.0293831601279582
0.744 1.6655842992707726e-5 1.0291414284312903
0.745 1.6690576084721354e-5 1.0289026947921696
0.746 1.6725576080844906e-5 1.028666903381745
0.747 1.6760846730301537e-5 1.028433999733013
0.748 1.6796393342510818e-5 1.0282039307110282
0.749 1.6832216614526274e-5 1.027976644473546
0.75 1.6868321423335608e-5 1.0277520904220372
0.751 1.6904712197063354e-5 1.0275302191740778
0.752 1.6941390425517788e-5 1.0273109825251998
0.753 1.697836100333916e-5 1.027094333418101
0.754 1.7015626894045788e-5 1.0268802259110814
0.755 1.705319109818193e-5 1.0266686151447622
0.756 1.7091056094209467e-5 1.0264594573107895
0.757 1.7129225946987958e-5 1.0262527096230978
0.758 1.7167704179921195e-5 1.0260483302907661
0.759 1.7206490913301842e-5 1.0258462784886646
0.76 1.724558842891577e-5 1.0256465143312554
0.761 1.7285000686373397e-5 1.025448998847186
0.762 1.7324728948109325e-5 1.025253693952987
0.763 1.7364775119321774e-5 1.0250605624301539
0.764 1.7405140399662233e-5 1.0248695679001334
0.765 1.7445826505146922e-5 1.0246806748023907
0.766 1.7486834473168233e-5 1.0244938483707733
0.767 1.7528166641689324e-5 1.024309054614829
0.768 1.7569823777541238e-5 1.0241262602972574
0.769 1.7611808603823498e-5 1.0239454329154705
0.77 1.765411973458919e-5 1.0237665406797136
0.771 1.769675752189004e-5 1.023589552496313
0.772 1.7739722724452456e-5 1.0234144379463885
0.773 1.7783016605710245e-5 1.0232411672713628
0.774 1.7826638833429165e-5 1.0230697113553435
0.775 1.7870591384860912e-5 1.0229000417051017
0.776 1.791487391344937e-5 1.0227321304370094
0.777 1.795948700467065e-5 1.02256595026019
0.778 1.8004430426821205e-5 1.0224014744605876
0.779 1.80497036052496e-5 1.0222386768861722
0.78 1.8095306022203328e-5 1.0220775319337012
0.781 1.8141236509172654e-5 1.0219180145346252
0.782 1.8187494282118077e-5 1.0217601001416603
0.783 1.8234079447287943e-5 1.0216037647128022
0.784 1.8280991536612223e-5 1.0214489847025598
0.785 1.8328229845543387e-5 1.0212957370469087
0.786 1.8375794581637628e-5 1.021143999151952
0.787 1.842368414761708e-5 1.0209937488821297
0.788 1.8471896420957368e-5 1.020844964548108
0.789 1.8520430785762265e-5 1.0206976248967403
0.79 1.856928680254999e-5 1.0205517091002116
0.791 1.8618463115682715e-5 1.0204071967452464
0.792 1.8667957801699053e-5 1.020264067823719
0.793 1.871776919926127e-5 1.020122302721771
0.794 1.8767895968885284e-5 1.0199818822105586
0.795 1.8818336583292794e-5 1.0198427874368032
0.796 1.8869088256823208e-5 1.019704999914449
0.797 1.8920150229195798e-5 1.0195685015156006
0.798 1.8971520548416443e-5 1.019433274460426
0.799 1.9023196912160145e-5 1.019299301310607
0.8 1.9075176981797615e-5 1.019166564961212
0.801 1.9127456588552416e-5 1.0190350486316582
0.802 1.9180036060439942e-5 1.0189047358592955
0.803 1.9232912706890204e-5 1.0187756104920214
0.804 1.9286083847158686e-5 1.0186476566764422
0.805 1.9339547706220817e-5 1.0185208588574861
0.806 1.9393301457559797e-5 1.0183952017689157
0.807 1.9447342911260712e-5 1.0182706704260083
0.808 1.9501669189403437e-5 1.0181472501158033
0.809 1.9556277370047503e-5 1.0180249263995418
0.81 1.9611165991306745e-5 1.0179036851025132
0.811 1.9666331661671865e-5 1.0177835123052112
0.812 1.9721772044900554e-5 1.0176643943342891
0.8130000000000001 1.9777484350225194e-5 1.0175463177701094
0.8140000000000001 1.9833465240426396e-5 1.0174292694302423
0.8150000000000001 1.988971052285793e-5 1.017313236364886
0.8160000000000001 1.9946218242750113e-5 1.017198205856694
0.8170000000000001 2.000298504262199e-5 1.0170841654092277
0.8180000000000001 2.0060007577760164e-5 1.0169711027456647
0.8190000000000001 2.0117281528120312e-5 1.0168590058053115
0.8200000000000001 2.0174804083505915e-5 1.0167478627359408
0.8210000000000001 2.02325743743903e-5 1.016637661889777
0.8220000000000001 2.0290589599736286e-5 1.0165283918192587
0.8230000000000001 2.034884545670801e-5 1.016420041273479
0.8240000000000001 2.040733859554056e-5 1.0163125991937618
0.8250000000000001 2.0466065417834578e-5 1.0162060547023632
0.8260000000000001 2.05250233232257e-5 1.0161003971143345
0.8270000000000001 2.0584207514884323e-5 1.0159956159236467
0.8280000000000001 2.064361567355455e-5 1.0158917007997752
0.8290000000000001 2.070324435449189e-5 1.0157886415837047
0.8300000000000001 2.07630900858069e-5 1.0156864282839175
0.8310000000000001 2.0823149216475656e-5 1.0155850510753048
0.8320000000000001 2.0883418545891708e-5 1.0154845002928403
0.833 2.0943894560143672e-5 1.0153847664285611
0.834 2.1004572676286415e-5 1.015285840129072
0.835 2.1065450309387668e-5 1.0151877121944772
0.836 2.1126524388681567e-5 1.0150903735715922
0.837 2.1187791746868356e-5 1.0149938153537708
0.838 2.1249248234767038e-5 1.014898028776958
0.839 2.1310889382064602e-5 1.0148030052136519
0.84 2.137271312208089e-5 1.0147087361746059
0.841 2.1434715687218553e-5 1.0146152133047064
0.842 2.1496892681938107e-5 1.0145224283795768
0.843 2.1559240063862006e-5 1.0144303733077908
0.844 2.1621755122824826e-5 1.0143390401149202
0.845 2.1684433952451343e-5 1.0142484209529112
0.846 2.174727291326395e-5 1.0141585080956554
0.847 2.1810268727884274e-5 1.014069293934332
0.848 2.1873417620665858e-5 1.01398077097644
0.849 2.1936715586867717e-5 1.0138929318436685
0.85 2.2000158796164904e-5 1.0138057692692233
0.851 2.2063743358557986e-5 1.0137192760955922
0.852 2.2127465904520083e-5 1.0136334452724034
0.853 2.2191323353348835e-5 1.013548269853832
0.854 2.2255311803220934e-5 1.0134637429973694
0.855 2.231942783642582e-5 1.0133798579613633
0.856 2.2383667373560012e-5 1.0132966081037253
0.857 2.244802696749204e-5 1.0132139868788523
0.858 2.251250293211493e-5 1.0131319878372957
0.859 2.257709123965057e-5 1.0130506046222527
0.86 2.264178811117734e-5 1.0129698309679842
0.861 2.27065905198387e-5 1.012889660700582
0.862 2.277149526908051e-5 1.012810087733664
0.863 2.283649869055937e-5 1.012731106067258
0.864 2.290159733425723e-5 1.0126527097867193
0.865 2.296678761243287e-5 1.0125748930606688
0.866 2.3032066536421425e-5 1.0124976501396865
0.867 2.3097430188689927e-5 1.012420975354582
0.868 2.3162874549065293e-5 1.0123448631156309
0.869 2.3228396196450785e-5 1.0122693079093474
0.87 2.3293991869621777e-5 1.0121943042987573
0.871 2.335965865318812e-5 1.0121198469217938
0.872 2.342539403332733e-5 1.0120459304898384
0.873 2.3491194308611352e-5 1.011972549785809
0.874 2.3557055938205895e-5 1.0118996996632075
0.875 2.3622975119708123e-5 1.0118273750451485
0.876 2.368894796600518e-5 1.011755570923032
0.877 2.3754971691936078e-5 1.0116842823540624
0.878 2.382104292969478e-5 1.0116135044620198
0.879 2.3887157936275383e-5 1.0115432324368796
0.88 2.3953313083691086e-5 1.0114734615304457
0.881 2.401950556812915e-5 1.0114041870570454
0.882 2.4085732200529453e-5 1.0113354043923322
0.883 2.415198940741714e-5 1.011267108971968
0.884 2.4218274568055254e-5 1.0111992962911727
0.885 2.42845849400819e-5 1.0111319619029133
0.886 2.4350917900373137e-5 1.0110651014173533
0.887 2.4417268979559648e-5 1.0109987105008846
0.888 2.4483635160277295e-5 1.010932784875438
0.889 2.4550013427326878e-5 1.0108673203161773
0.89 2.4616400693566742e-5 1.0108023126522838
0.891 2.468279384548744e-5 1.0107377577655248
0.892 2.474918981265617e-5 1.0106736515890535
0.893 2.4815585753679148e-5 1.0106099901066192
0.894 2.4881978814061956e-5 1.0105467693521208
0.895 2.4948366119104115e-5 1.0104839854078842
0.896 2.5014744441831382e-5 1.0104216344042016
0.897 2.5081110414382213e-5 1.010359712519733
0.898 2.5147461877428334e-5 1.0102982159797302
0.899 2.521379601905238e-5 1.0102371410553785
0.9 2.528010940161529e-5 1.010176484062346
0.901 2.534639920165338e-5 1.0101162413604292
0.902 2.541266305855494e-5 1.0100564093542859
0.903 2.5478898164676966e-5 1.0099969844901255
0.904 2.5545101941082393e-5 1.0099379632569387
0.905 2.561127206313074e-5 1.009879342187267
0.906 2.567740506725924e-5 1.0098211178516803
0.907 2.574349838629919e-5 1.0097632868623918
0.908 2.5809549749233884e-5 1.0097058458718928
0.909 2.5875556656007603e-5 1.009648791570628
0.91 2.5941517113714507e-5 1.009592120686913
0.911 2.6007427533503158e-5 1.00953582998673
0.912 2.6073285615657582e-5 1.0094799162748216
0.913 2.6139088378063224e-5 1.0094243763922228
0.914 2.6204833402432293e-5 1.009369207215497
0.915 2.6270518546256394e-5 1.0093144056577226
0.916 2.6336141912386424e-5 1.0092599686660113
0.917 2.640170092238492e-5 1.0092058932219146
0.918 2.6467192991042054e-5 1.0091521763413196
0.919 2.6532615528096493e-5 1.0090988150734483
0.92 2.6597966687857966e-5 1.0090458065008945
0.921 2.6663244742597403e-5 1.0089931477383416
0.922 2.672844736362201e-5 1.008940835933079
0.923 2.6793571645977732e-5 1.0088888682638348
0.924 2.685861416240609e-5 1.008837241940816
0.925 2.6923573411608004e-5 1.008785954202205
0.926 2.698844899817754e-5 1.0087350023161892
0.927 2.705323841828422e-5 1.0086843835826442
0.928 2.7117940074206093e-5 1.0086340953306927
0.929 2.7182552350180078e-5 1.0085841349172682
0.93 2.7247072721836574e-5 1.0085344997275214
0.931 2.7311498734639006e-5 1.00848518717467
0.932 2.7375828570153082e-5 1.008436194699405
0.933 2.7440061024786022e-5 1.0083875197694387
0.934 2.7504194801908355e-5 1.0083391598780322
0.935 2.7568227023877512e-5 1.0082911125471294
0.936 2.7632155512602452e-5 1.0082433753233762
0.937 2.7695978274344668e-5 1.0081959457809204
0.9380000000000001 2.7759693883855352e-5 1.0081488215187968
0.9390000000000001 2.7823300563500908e-5 1.0081020001583214
0.9400000000000001 2.7886796457876617e-5 1.0080554793478105
0.9410000000000001 2.7950179541491593e-5 1.0080092567591667
0.9420000000000001 2.801344811953488e-5 1.0079633300880764
0.9430000000000001 2.8076600416648834e-5 1.007917697053771
0.9440000000000001 2.8139635110002725e-5 1.0078723553992113
0.9450000000000001 2.8202550531819526e-5 1.0078273028897011
0.9460000000000001 2.82653455434545e-5 1.0077825373133669
0.9470000000000001 2.8328019081369504e-5 1.007738056479557
0.9480000000000001 2.839056967901543e-5 1.007693858220272
0.9490000000000001 2.845299517656441e-5 1.0076499403899015
0.9500000000000001 2.851529412589704e-5 1.007606300863811
0.9510000000000001 2.8577464781354145e-5 1.007562937538513
0.9520000000000001 2.8639505868954807e-5 1.0075198483312227
0.9530000000000001 2.870141611316379e-5 1.007477031179289
0.9540000000000001 2.8763193902658912e-5 1.007434484040738
0.9550000000000001 2.8824837797258862e-5 1.0073922048934423
0.9560000000000001 2.88863464327771e-5 1.0073501917349823
0.9570000000000001 2.894771723804812e-5 1.0073084425826693
0.9580000000000001 2.900894909363405e-5 1.0072669554727565
0.9590000000000001 2.9070041546008785e-5 1.0072257284603288
0.96 2.9130992928283472e-5 1.0071847596197645
0.961 2.9191802511541187e-5 1.007144047043822
0.962 2.925246892254707e-5 1.0071035888434172
0.963 2.9312991183028103e-5 1.0070633831472353
0.964 2.9373367985197074e-5 1.007023428102093
0.965 2.9433598156491936e-5 1.0069837218722362
0.966 2.9493680284931045e-5 1.0069442626391099
0.967 2.9553613446753335e-5 1.0069050486012758
0.968 2.9613396698713323e-5 1.006866077974274
0.969 2.9673028983157046e-5 1.0068273489901827
0.97 2.9732509256807926e-5 1.006788859897519
0.971 2.9791836588632936e-5 1.0067506089613067
0.972 2.985100975499977e-5 1.0067125944624982
0.973 2.9910028001234323e-5 1.0066748146978524
0.974 2.996889042522488e-5 1.006637267979999
0.975 3.0027596032711212e-5 1.0065999526367224
0.976 3.0086144282459593e-5 1.0065628670113353
0.977 3.014453466032574e-5 1.0065260094619954
0.978 3.020276566906288e-5 1.006489378362064
0.979 3.0260836652695744e-5 1.00645297209942
0.98 3.031874651049371e-5 1.0064167890770443
0.981 3.037649454568081e-5 1.0063808277117812
0.982 3.0434079778096645e-5 1.0063450864346613
0.983 3.049150147055313e-5 1.0063095636907224
0.984 3.054875893349074e-5 1.0062742579389838
0.985 3.060585130920668e-5 1.0062391676522286
0.986 3.066277798080552e-5 1.0062042913167424
0.987 3.071953814581807e-5 1.0061696274320948
0.988 3.0776131156873276e-5 1.0061351745112352
0.989 3.083255626717962e-5 1.0061009310801687
0.99 3.088881254148523e-5 1.0060668956778285
0.991 3.09448995108319e-5 1.0060330668558743
0.992 3.100081641205232e-5 1.0059994431785086
0.993 3.1056562609099725e-5 1.0059660232225704
0.994 3.11121375344281e-5 1.005932805577206
0.995 3.1167540804899474e-5 1.0058997888437196
0.996 3.122277202904922e-5 1.005866971635311
0.997 3.127783069317713e-5 1.0058343525771998
0.998 3.133271627026035e-5 1.0058019303063759
0.999 3.138742820313345e-5 1.00576970347136
1.0 3.144196603821481e-5 1.0057376707324135
