0.	0.999997	0.003844	0.000026
0.003523918236906492	0.99999	0.005163	0.000098
0.007047836473812984	0.999977	0.007817	0.000209
0.010571754710719476	0.999959	0.0105	0.000357
0.014095672947625967	0.999935	0.013212	0.00054
0.01761959118453246	0.999906	0.015953	0.000757
0.02114350942143895	0.999871	0.018725	0.001006
0.024667427658345443	0.999831	0.021527	0.001287
0.028191345895251935	0.999785	0.024359	0.001599
0.03171526413215842	0.999733	0.027224	0.001942
0.03523918236906492	0.999676	0.03012	0.002314
0.03876310060597141	0.999613	0.033049	0.002715
0.0422870188428779	0.999544	0.03601	0.003146
0.04581093707978439	0.999469	0.039005	0.003605
0.049334855316690886	0.999388	0.042034	0.004092
0.052858773553597374	0.999301	0.045097	0.004607
0.05638269179050387	0.999207	0.048195	0.005151
0.059906610027410365	0.999108	0.051328	0.005721
0.06343052826431685	0.999002	0.054497	0.006319
0.06695444650122334	0.99889	0.057703	0.006945
0.07047836473812984	0.998771	0.060946	0.007597
0.07400228297503633	0.998646	0.064227	0.008277
0.07752620121194281	0.998514	0.067546	0.008983
0.08105011944884931	0.998376	0.070904	0.009716
0.0845740376857558	0.998231	0.074301	0.010476
0.0880979559226623	0.998079	0.077739	0.011262
0.09162187415956878	0.99792	0.081217	0.012075
0.09514579239647528	0.997754	0.084737	0.012914
0.09866971063338177	0.997581	0.088299	0.01378
0.10219362887028827	0.997401	0.091904	0.014672
0.10571754710719475	0.997213	0.095552	0.015591
0.10924146534410124	0.997018	0.099245	0.016536
0.11276538358100774	0.996816	0.102983	0.017508
0.11628930181791423	0.996607	0.106766	0.018506
0.11981322005482073	0.996389	0.110596	0.01953
0.12333713829172722	0.996164	0.114473	0.020581
0.1268610565286337	0.995931	0.118398	0.021659
0.1303849747655402	0.995691	0.122372	0.022763
0.13390889300244668	0.995442	0.126396	0.023894
0.1374328112393532	0.995185	0.130471	0.025051
0.14095672947625967	0.99492	0.134597	0.026235
0.14448064771316618	0.994647	0.138775	0.027446
0.14800456595007266	0.994365	0.143007	0.028684
0.15152848418697915	0.994075	0.147293	0.029949
0.15505240242388563	0.993776	0.151634	0.031241
0.15857632066079214	0.993468	0.156031	0.032561
0.16210023889769862	0.993152	0.160485	0.033907
0.16562415713460513	0.992826	0.164997	0.035281
0.1691480753715116	0.992492	0.169569	0.036682
0.17267199360841812	0.992148	0.174201	0.038111
0.1761959118453246	0.991795	0.178895	0.039567
0.17971983008223108	0.991432	0.183651	0.041052
0.18324374831913756	0.99106	0.18847	0.042564
0.18676766655604407	0.990678	0.193355	0.044105
0.19029158479295055	0.990287	0.198305	0.045674
0.19381550302985706	0.989885	0.203323	0.047271
0.19733942126676354	0.989473	0.208409	0.048897
0.20086333950367005	0.989052	0.213566	0.050551
0.20438725774057653	0.988619	0.218793	0.052235
0.20791117597748301	0.988176	0.224094	0.053947
0.2114350942143895	0.987723	0.229468	0.055689
0.214959012451296	0.987258	0.234917	0.057461
0.2184829306882025	0.986783	0.240444	0.059261
0.222006848925109	0.986297	0.246049	0.061092
0.22553076716201548	0.985799	0.251733	0.062953
0.229054685398922	0.98529	0.2575	0.064844
0.23257860363582847	0.984769	0.263349	0.066766
0.23610252187273498	0.984236	0.269284	0.068718
0.23962644010964146	0.983692	0.275305	0.070701
0.24315035834654797	0.983135	0.281415	0.072716
0.24667427658345445	0.982566	0.287614	0.074761
0.2501981948203609	0.981985	0.293906	0.076839
0.2537221130572674	0.981391	0.300292	0.078948
0.2572460312941739	0.980784	0.306773	0.08109
0.2607699495310804	0.980163	0.313353	0.083264
0.26429386776798686	0.97953	0.320032	0.08547
0.26781778600489337	0.978883	0.326814	0.08771
0.2713417042417999	0.978223	0.3337	0.089983
0.2748656224787064	0.977549	0.340693	0.09229
0.27838954071561284	0.97686	0.347795	0.09463
0.28191345895251935	0.976157	0.355008	0.097005
0.28543737718942586	0.97544	0.362335	0.099415
0.28896129542633237	0.974708	0.369779	0.101859
0.2924852136632388	0.973961	0.377341	0.104338
0.29600913190014533	0.973199	0.385025	0.106853
0.29953305013705184	0.972421	0.392834	0.109404
0.3030569683739583	0.971627	0.400769	0.111992
0.30658088661086474	0.970818	0.408835	0.114616
0.31010480484777125	0.969992	0.417035	0.117277
0.31362872308467776	0.96915	0.42537	0.119975
0.31715264132158427	0.96829	0.433846	0.122712
0.3206765595584907	0.967414	0.442464	0.125486
0.32420047779539723	0.966521	0.451228	0.1283
0.32772439603230374	0.965609	0.460142	0.131152
0.33124831426921025	0.96468	0.46921	0.134045
0.3347722325061167	0.963732	0.478435	0.136977
0.3382961507430232	0.962766	0.487822	0.13995
0.3418200689799297	0.961781	0.497373	0.142964
0.34534398721683623	0.960777	0.507094	0.146019
0.3488679054537427	0.959753	0.516988	0.149117
0.3523918236906492	0.958709	0.52706	0.152257
0.3559157419275557	0.957645	0.537315	0.15544
0.35943966016446216	0.95656	0.547758	0.158667
0.36296357840136867	0.955454	0.558392	0.161938
0.3664874966382751	0.954326	0.569224	0.165254
0.37001141487518163	0.953177	0.580258	0.168616
0.37353533311208814	0.952005	0.5915	0.172023
0.3770592513489946	0.950811	0.602955	0.175477
0.3805831695859011	0.949593	0.61463	0.178979
0.3841070878228076	0.948352	0.62653	0.182529
0.3876310060597141	0.947087	0.638661	0.186127
0.3911549242966206	0.945797	0.651031	0.189774
0.3946788425335271	0.944483	0.663645	0.193472
0.3982027607704336	0.943143	0.676511	0.197221
0.4017266790073401	0.941777	0.689635	0.201021
0.40525059724424656	0.940384	0.703026	0.204874
0.40877451548115307	0.938965	0.716691	0.20878
0.4122984337180596	0.937518	0.730637	0.212739
0.41582235195496603	0.936042	0.744874	0.216754
0.41934627019187254	0.934538	0.75941	0.220825
0.422870188428779	0.933005	0.774255	0.224952
0.4263941066656855	0.931441	0.789416	0.229137
0.429918024902592	0.929847	0.804904	0.233381
0.4334419431394985	0.928221	0.82073	0.237684
0.436965861376405	0.926564	0.836903	0.242047
0.4404897796133115	0.924874	0.853435	0.246472
0.444013697850218	0.92315	0.870337	0.25096
0.44753761608712445	0.921393	0.88762	0.255512
0.45106153432403095	0.9196	0.905298	0.260128
0.45458545256093746	0.917771	0.923383	0.264811
0.458109370797844	0.915906	0.941887	0.269561
0.4616332890347504	0.914004	0.960826	0.274379
0.46515720727165694	0.912063	0.980214	0.279267
0.46868112550856345	0.910083	1.000065	0.284226
0.47220504374546995	0.908063	1.020395	0.289258
0.4757289619823764	0.906001	1.041222	0.294363
0.4792528802192829	0.903898	1.062561	0.299544
0.4827767984561894	0.901751	1.084431	0.304801
0.48630071669309594	0.89956	1.10685	0.310137
0.4898246349300024	0.897324	1.129838	0.315552
0.4933485531669089	0.895041	1.153414	0.321049
0.4968724714038153	0.89271	1.177601	0.326629
0.5003963896407218	0.89033	1.202419	0.332293
0.5039203078776283	0.8879	1.227893	0.338044
0.5074442261145348	0.885419	1.254044	0.343883
0.5109681443514413	0.882884	1.2809	0.349813
0.5144920625883478	0.880295	1.308485	0.355834
0.5180159808252542	0.87765	1.336827	0.361949
0.5215398990621608	0.874948	1.365954	0.36816
0.5250638172990673	0.872186	1.395895	0.374469
0.5285877355359737	0.869364	1.426681	0.380879
0.5321116537728803	0.86648	1.458344	0.38739
0.5356355720097867	0.863531	1.490918	0.394006
0.5391594902466933	0.860516	1.524436	0.400729
0.5426834084835997	0.857433	1.558936	0.407561
0.5462073267205062	0.85428	1.594453	0.414504
0.5497312449574128	0.851055	1.631027	0.421561
0.5532551631943192	0.847756	1.668699	0.428734
0.5567790814312257	0.844381	1.707509	0.436025
0.5603029996681322	0.840926	1.747501	0.443439
0.5638269179050387	0.837391	1.78872	0.450976
0.5673508361419453	0.833771	1.831211	0.458639
0.5708747543788517	0.830066	1.875021	0.466431
0.5743986726157582	0.826271	1.9202	0.474355
0.5779225908526647	0.822385	1.966797	0.482414
0.5814465090895712	0.818404	2.014862	0.490609
0.5849704273264776	0.814325	2.064448	0.498944
0.5884943455633842	0.810146	2.115608	0.507421
0.5920182638002907	0.805863	2.168394	0.516043
0.5955421820371971	0.801473	2.22286	0.524812
0.5990661002741037	0.796972	2.27906	0.533731
0.6025900185110101	0.792356	2.337046	0.542802
0.6061139367479166	0.787623	2.396872	0.552027
0.609637854984823	0.782769	2.458589	0.561408
0.6131617732217295	0.777789	2.522246	0.570948
0.616685691458636	0.77268	2.58789	0.580647
0.6202096096955425	0.767437	2.655565	0.590508
0.6237335279324491	0.762058	2.725312	0.600531
0.6272574461693555	0.756536	2.797165	0.610718
0.630781364406262	0.750869	2.871154	0.621068
0.6343052826431685	0.745052	2.9473	0.631583
0.637829200880075	0.73908	3.025619	0.642261
0.6413531191169815	0.732949	3.106113	0.653101
0.644877037353888	0.726655	3.188775	0.664103
0.6484009555907945	0.720194	3.273587	0.675264
0.651924873827701	0.713561	3.360513	0.686581
0.6554487920646075	0.706752	3.449501	0.69805
0.6589727103015139	0.699763	3.540484	0.709668
0.6624966285384205	0.69259	3.633371	0.721428
0.666020546775327	0.685229	3.72805	0.733324
0.6695444650122334	0.677678	3.824383	0.74535
0.67306838324914	0.669932	3.922208	0.757495
0.6765923014860464	0.661989	4.021333	0.769752
0.680116219722953	0.653847	4.121534	0.782107
0.6836401379598595	0.645503	4.222557	0.79455
0.6871640561967659	0.636956	4.324114	0.807067
0.6906879744336725	0.628206	4.425881	0.819642
0.6942118926705789	0.619253	4.527499	0.832259
0.6977358109074854	0.610096	4.628576	0.8449
0.7012597291443919	0.600739	4.72868	0.857546
0.7047836473812984	0.591182	4.827348	0.870176
0.708307565618205	0.581429	4.924084	0.882768
0.7118314838551114	0.571485	5.018362	0.895299
0.7153554020920179	0.561356	5.10963	0.907744
0.7188793203289243	0.551047	5.197313	0.920079
0.7224032385658308	0.540566	5.280821	0.932276
0.7259271568027373	0.529924	5.359551	0.944309
0.7294510750396438	0.519128	5.432898	0.95615
0.7329749932765502	0.508192	5.500262	0.967772
0.7364989115134568	0.497127	5.561054	0.979146
0.7400228297503633	0.485948	5.614707	0.990245
0.7435467479872697	0.474668	5.660685	1.001041
0.7470706662241763	0.463305	5.69849	1.01151
0.7505945844610827	0.451874	5.727677	1.021624
0.7541185026979892	0.440394	5.747854	1.031361
0.7576424209348958	0.428883	5.758698	1.040698
0.7611663391718022	0.41736	5.759956	1.049614
0.7646902574087088	0.405843	5.751457	1.058092
0.7682141756456152	0.394354	5.733108	1.066116
0.7717380938825217	0.382911	5.704907	1.073672
0.7752620121194282	0.371534	5.666936	1.080749
0.7787859303563347	0.360243	5.619364	1.087341
0.7823098485932412	0.349057	5.562446	1.093441
0.7858337668301477	0.337993	5.496514	1.099048
0.7893576850670542	0.327071	5.42198	1.104162
0.7928816033039607	0.316305	5.339319	1.108787
0.7964055215408672	0.305713	5.24907	1.11293
0.7999294397777736	0.295309	5.15182	1.116598
0.8034533580146802	0.285106	5.048201	1.119804
0.8069772762515867	0.275116	4.938872	1.12256
0.8105011944884931	0.265351	4.824515	1.124883
0.8140251127253997	0.255818	4.705825	1.126788
0.8175490309623061	0.246527	4.583495	1.128295
0.8210729491992127	0.237484	4.458214	1.129423
0.8245968674361192	0.228694	4.330652	1.130193
0.8281207856730255	0.220162	4.201458	1.130626
0.8316447039099321	0.211889	4.071252	1.130744
0.8351686221468385	0.203877	3.940618	1.13057
0.8386925403837451	0.196126	3.810105	1.130124
0.8422164586206515	0.188636	3.680216	1.12943
0.845740376857558	0.181405	3.551413	1.128508
0.8492642950944645	0.174431	3.424113	1.12738
0.852788213331371	0.167709	3.298688	1.126067
0.8563121315682775	0.161236	3.175466	1.124586
0.859836049805184	0.155007	3.05473	1.122958
0.8633599680420905	0.149017	2.936722	1.121201
0.866883886278997	0.14326	2.821646	1.119331
0.8704078045159035	0.13773	2.709665	1.117364
0.87393172275281	0.132421	2.60091	1.115314
0.8774556409897165	0.127327	2.495479	1.113197
0.880979559226623	0.122439	2.393442	1.111024
0.8845034774635294	0.117753	2.294839	1.108808
0.888027395700436	0.11326	2.199691	1.106559
0.8915513139373424	0.108954	2.107994	1.104287
0.8950752321742489	0.104828	2.019728	1.102001
0.8985991504111555	0.100875	1.934856	1.09971
0.9021230686480619	0.097089	1.853328	1.09742
0.9056469868849685	0.093462	1.775082	1.095138
0.9091709051218749	0.089988	1.700046	1.09287
0.9126948233587814	0.086662	1.62814	1.090621
0.916218741595688	0.083476	1.559278	1.088395
0.9197426598325944	0.080425	1.49337	1.086197
0.9232665780695009	0.077502	1.430322	1.084029
0.9267904963064074	0.074703	1.370036	1.081895
0.9303144145433139	0.072022	1.312415	1.079797
0.9338383327802204	0.069454	1.257358	1.077737
0.9373622510171269	0.066993	1.204768	1.075716
0.9408861692540333	0.064635	1.154546	1.073737
0.9444100874909399	0.062375	1.106595	1.071799
0.9479340057278464	0.060208	1.060819	1.069904
0.9514579239647528	0.058131	1.017126	1.068053
0.9549818422016594	0.05614	0.975423	1.066244
0.9585057604385658	0.05423	0.935623	1.06448
0.9620296786754724	0.052397	0.89764	1.062759
0.9655535969123789	0.050639	0.86139	1.061081
0.9690775151492853	0.048952	0.826794	1.059447
0.9726014333861919	0.047332	0.793775	1.057855
0.9761253516230983	0.045777	0.762257	1.056305
0.9796492698600048	0.044283	0.732171	1.054796
0.9831731880969113	0.042848	0.703447	1.053329
0.9866971063338178	0.041469	0.676021	1.051902
0.9902210245707244	0.040144	0.64983	1.050513
0.9937449428076306	0.03887	0.624814	1.049164
0.9972688610445372	0.037644	0.600917	1.047852
1.0007927792814435	0.036466	0.578084	1.046577
1.0043166975183502	0.035332	0.556264	1.045338
1.0078406157552566	0.034241	0.535408	1.044134
1.011364533992163	0.033191	0.515467	1.042965
1.0148884522290695	0.032179	0.4964	1.041828
1.018412370465976	0.031205	0.478161	1.040725
1.0219362887028827	0.030266	0.460713	1.039652
1.0254602069397891	0.029362	0.444016	1.038611
1.0289841251766956	0.02849	0.428034	1.037599
1.032508043413602	0.02765	0.412732	1.036616
1.0360319616505085	0.026839	0.398079	1.035662
1.039555879887415	0.026058	0.384042	1.034734
1.0430797981243216	0.025303	0.370593	1.033834
1.046603716361228	0.024575	0.357703	1.032959
1.0501276345981345	0.023872	0.345346	1.032109
1.053651552835041	0.023194	0.333497	1.031283
1.0571754710719474	0.022538	0.322132	1.030481
1.060699389308854	0.021905	0.311228	1.029701
1.0642233075457606	0.021294	0.300764	1.028944
1.067747225782667	0.020702	0.290719	1.028208
1.0712711440195735	0.020131	0.281074	1.027493
1.07479506225648	0.019578	0.27181	1.026798
1.0783189804933866	0.019043	0.26291	1.026122
1.081842898730293	0.018526	0.254358	1.025465
1.0853668169671995	0.018026	0.246138	1.024827
1.088890735204106	0.017542	0.238234	1.024207
1.0924146534410124	0.017073	0.230633	1.023603
1.0959385716779189	0.016619	0.223321	1.023017
1.0994624899148255	0.01618	0.216286	1.022446
1.102986408151732	0.015754	0.209514	1.021892
1.1065103263886384	0.015342	0.202995	1.021352
1.110034244625545	0.014942	0.196718	1.020827
1.1135581628624514	0.014555	0.190671	1.020317
1.117082081099358	0.014179	0.184846	1.01982
1.1206059993362645	0.013815	0.179232	1.019337
1.124129917573171	0.013463	0.173821	1.018867
1.1276538358100774	0.01312	0.168604	1.018409
1.1311777540469838	0.012788	0.163573	1.017964
1.1347016722838905	0.012466	0.15872	1.017531
1.138225590520797	0.012153	0.154038	1.017109
1.1417495087577034	0.01185	0.149519	1.016699
1.1452734269946099	0.011555	0.145157	1.016299
1.1487973452315163	0.011269	0.140946	1.01591
1.1523212634684228	0.010991	0.136879	1.015531
1.1558451817053295	0.010722	0.132951	1.015162
1.159369099942236	0.01046	0.129156	1.014802
1.1628930181791424	0.010205	0.125488	1.014452
1.1664169364160488	0.009958	0.121943	1.014111
1.1699408546529553	0.009717	0.118516	1.013779
1.173464772889862	0.009484	0.115203	1.013455
1.1769886911267684	0.009256	0.111998	1.01314
1.1805126093636749	0.009036	0.108897	1.012833
1.1840365276005813	0.008821	0.105898	1.012533
1.1875604458374878	0.008612	0.102995	1.012241
1.1910843640743942	0.008409	0.100185	1.011957
1.194608282311301	0.008211	0.097464	1.01168
1.1981322005482073	0.008019	0.09483	1.01141
1.2016561187851138	0.007832	0.092279	1.011146
1.2051800370220203	0.00765	0.089808	1.010889
1.2087039552589267	0.007473	0.087413	1.010639
1.2122278734958332	0.0073	0.085093	1.010395
1.2157517917327396	0.007132	0.082844	1.010157
1.219275709969646	0.006969	0.080664	1.009924
1.2227996282065525	0.00681	0.078551	1.009698
1.226323546443459	0.006655	0.076501	1.009477
1.2298474646803657	0.006504	0.074513	1.009262
1.233371382917272	0.006357	0.072585	1.009051
1.2368953011541786	0.006213	0.070714	1.008846
1.240419219391085	0.006074	0.068898	1.008646
1.2439431376279915	0.005938	0.067136	1.008451
1.2474670558648981	0.005805	0.065426	1.008261
1.2509909741018046	0.005676	0.063765	1.008075
1.254514892338711	0.00555	0.062153	1.007893
1.2580388105756175	0.005427	0.060587	1.007716
1.261562728812524	0.005308	0.059066	1.007544
1.2650866470494306	0.005191	0.057588	1.007375
1.268610565286337	0.005077	0.056153	1.00721
1.2721344835232435	0.004967	0.054757	1.00705
1.27565840176015	0.004858	0.053402	1.006893
1.2791823199970564	0.004753	0.052084	1.00674
1.282706238233963	0.00465	0.050802	1.00659
1.2862301564708696	0.00455	0.049557	1.006444
1.289754074707776	0.004452	0.048345	1.006302
1.2932779929446825	0.004356	0.047167	1.006162
1.296801911181589	0.004263	0.046021	1.006027
1.3003258294184954	0.004172	0.044906	1.005894
1.303849747655402	0.004084	0.043821	1.005764
1.3073736658923085	0.003997	0.042765	1.005637
1.310897584129215	0.003912	0.041738	1.005514
1.3144215023661214	0.00383	0.040738	1.005393
1.3179454206030279	0.00375	0.039764	1.005275
1.3214693388399343	0.003671	0.038816	1.00516
1.324993257076841	0.003594	0.037893	1.005047
1.3285171753137475	0.003519	0.036994	1.004937
1.332041093550654	0.003446	0.036119	1.004829
1.3355650117875604	0.003375	0.035266	1.004724
1.3390889300244668	0.003305	0.034435	1.004622
1.3426128482613735	0.003237	0.033626	1.004521
1.34613676649828	0.003171	0.032837	1.004423
1.3496606847351864	0.003106	0.032068	1.004328
1.3531846029720929	0.003042	0.031319	1.004234
1.3567085212089993	0.002981	0.030588	1.004142
1.360232439445906	0.00292	0.029876	1.004053
1.3637563576828124	0.002861	0.029182	1.003966
1.367280275919719	0.002803	0.028505	1.00388
1.3708041941566254	0.002747	0.027844	1.003797
1.3743281123935318	0.002692	0.0272	1.003715
1.3778520306304383	0.002638	0.026572	1.003635
1.381375948867345	0.002586	0.025959	1.003557
1.3848998671042514	0.002534	0.025361	1.003481
1.3884237853411578	0.002484	0.024778	1.003407
1.3919477035780643	0.002435	0.024208	1.003334
1.3954716218149708	0.002387	0.023652	1.003262
1.3989955400518774	0.002341	0.02311	1.003193
1.4025194582887839	0.002295	0.02258	1.003125
1.4060433765256903	0.00225	0.022063	1.003058
1.4095672947625968	0.002207	0.021559	1.002993
1.4130912129995032	0.002164	0.021066	1.002929
1.41661513123641	0.002122	0.020584	1.002867
1.4201390494733164	0.002082	0.020114	1.002806
1.4236629677102228	0.002042	0.019655	1.002746
1.4271868859471293	0.002003	0.019206	1.002688
1.4307108041840357	0.001965	0.018767	1.002631
1.4342347224209422	0.001928	0.018339	1.002575
1.4377586406578486	0.001892	0.01792	1.002521
1.441282558894755	0.001856	0.017511	1.002468
1.4448064771316615	0.001822	0.017112	1.002416
1.448330395368568	0.001788	0.016721	1.002365
1.4518543136054747	0.001755	0.016339	1.002315
1.4553782318423811	0.001723	0.015965	1.002266
1.4589021500792876	0.001691	0.0156	1.002218
1.462426068316194	0.00166	0.015243	1.002171
1.4659499865531005	0.00163	0.014894	1.002126
1.469473904790007	0.001601	0.014552	1.002081
1.4729978230269136	0.001572	0.014218	1.002037
1.47652174126382	0.001544	0.013891	1.001995
1.4800456595007265	0.001516	0.013572	1.001953
1.483569577737633	0.001489	0.013259	1.001912
1.4870934959745394	0.001463	0.012953	1.001872
1.4906174142114461	0.001438	0.012653	1.001832
1.4941413324483526	0.001413	0.01236	1.001794
1.497665250685259	0.001388	0.012074	1.001757
1.5011891689221655	0.001364	0.011793	1.00172
1.504713087159072	0.001341	0.011518	1.001684
1.5082370053959784	0.001318	0.01125	1.001649
1.511760923632885	0.001296	0.010986	1.001614
1.5152848418697915	0.001274	0.010729	1.001581
1.518808760106698	0.001253	0.010477	1.001548
1.5223326783436044	0.001232	0.01023	1.001515
1.5258565965805109	0.001212	0.009988	1.001484
1.5293805148174175	0.001192	0.009751	1.001453
1.532904433054324	0.001173	0.009519	1.001423
1.5364283512912305	0.001154	0.009292	1.001393
1.539952269528137	0.001136	0.00907	1.001364
1.5434761877650434	0.001118	0.008852	1.001336
1.54700010600195	0.001101	0.008639	1.001308
1.5505240242388565	0.001084	0.00843	1.001281
1.554047942475763	0.001067	0.008226	1.001254
1.5575718607126694	0.001051	0.008025	1.001228
1.5610957789495759	0.001035	0.007829	1.001203
1.5646196971864823	0.001019	0.007637	1.001178
1.568143615423389	0.001004	0.007449	1.001154
1.5716675336602954	0.00099	0.007264	1.00113
1.5751914518972019	0.000975	0.007084	1.001106
1.5787153701341083	0.000961	0.006907	1.001084
1.5822392883710148	0.000948	0.006734	1.001061
1.5857632066079215	0.000934	0.006564	1.001039
1.589287124844828	0.000921	0.006398	1.001018
1.5928110430817344	0.000909	0.006236	1.000997
1.5963349613186408	0.000896	0.006076	1.000976
1.5998588795555473	0.000884	0.005921	1.000956
1.603382797792454	0.000873	0.005768	1.000936
1.6069067160293604	0.000861	0.005618	1.000917
1.6104306342662669	0.00085	0.005472	1.000898
1.6139545525031733	0.000839	0.005329	1.00088
1.6174784707400798	0.000829	0.005189	1.000862
1.6210023889769862	0.000819	0.005051	1.000844
1.624526307213893	0.000809	0.004917	1.000827
1.6280502254507994	0.000799	0.004786	1.00081
1.6315741436877058	0.00079	0.004657	1.000793
1.6350980619246123	0.00078	0.004531	1.000777
1.6386219801615187	0.000771	0.004408	1.000761
1.6421458983984254	0.000763	0.004288	1.000745
1.6456698166353319	0.000754	0.00417	1.00073
1.6491937348722383	0.000746	0.004055	1.000715
1.6527176531091445	0.000738	0.003943	1.0007
1.656241571346051	0.00073	0.003833	1.000686
1.6597654895829577	0.000723	0.003725	1.000672
1.6632894078198641	0.000715	0.00362	1.000658
1.6668133260567706	0.000708	0.003518	1.000644
1.670337244293677	0.000701	0.003417	1.000631
1.6738611625305835	0.000695	0.00332	1.000618
1.6773850807674902	0.000688	0.003224	1.000606
1.6809089990043966	0.000682	0.003131	1.000593
1.684432917241303	0.000676	0.003039	1.000581
1.6879568354782095	0.00067	0.002951	1.000569
1.691480753715116	0.000664	0.002864	1.000558
1.6950046719520224	0.000658	0.002779	1.000546
1.698528590188929	0.000653	0.002697	1.000535
1.7020525084258356	0.000647	0.002616	1.000524
1.705576426662742	0.000642	0.002538	1.000513
1.7091003448996485	0.000637	0.002461	1.000503
1.712624263136555	0.000632	0.002387	1.000493
1.7161481813734616	0.000628	0.002314	1.000483
1.719672099610368	0.000623	0.002243	1.000473
1.7231960178472745	0.000619	0.002174	1.000463
1.726719936084181	0.000614	0.002107	1.000454
1.7302438543210874	0.00061	0.002042	1.000444
1.733767772557994	0.000606	0.001978	1.000435
1.7372916907949005	0.000602	0.001916	1.000426
1.740815609031807	0.000599	0.001856	1.000418
1.7443395272687134	0.000595	0.001798	1.000409
1.74786344550562	0.000591	0.001741	1.000401
1.7513873637425263	0.000588	0.001685	1.000393
1.754911281979433	0.000585	0.001631	1.000385
1.7584352002163395	0.000581	0.001579	1.000377
1.761959118453246	0.000578	0.001528	1.000369
1.7654830366901524	0.000575	0.001479	1.000362
1.7690069549270588	0.000572	0.001431	1.000354
1.7725308731639655	0.00057	0.001385	1.000347
1.776054791400872	0.000567	0.001339	1.00034
1.7795787096377784	0.000564	0.001296	1.000333
1.7831026278746849	0.000562	0.001253	1.000326
1.7866265461115913	0.000559	0.001212	1.00032
1.7901504643484978	0.000557	0.001172	1.000313
1.7936743825854045	0.000554	0.001133	1.000307
1.797198300822311	0.000552	0.001095	1.000301
1.8007222190592174	0.00055	0.001059	1.000295
1.8042461372961238	0.000548	0.001023	1.000289
1.8077700555330303	0.000546	0.000989	1.000283
1.811293973769937	0.000544	0.000956	1.000277
1.8148178920068434	0.000542	0.000923	1.000271
1.8183418102437499	0.00054	0.000892	1.000266
1.8218657284806563	0.000539	0.000862	1.00026
1.8253896467175628	0.000537	0.000833	1.000255
1.8289135649544694	0.000535	0.000804	1.00025
1.832437483191376	0.000534	0.000777	1.000245
1.8359614014282823	0.000532	0.00075	1.00024
1.8394853196651888	0.000531	0.000725	1.000235
1.8430092379020953	0.000529	0.0007	1.00023
1.8465331561390017	0.000528	0.000676	1.000226
1.8500570743759084	0.000527	0.000652	1.000221
1.8535809926128148	0.000525	0.00063	1.000217
1.8571049108497213	0.000524	0.000608	1.000212
1.8606288290866277	0.000523	0.000587	1.000208
1.8641527473235342	0.000522	0.000567	1.000204
1.8676766655604409	0.000521	0.000547	1.0002
1.8712005837973473	0.00052	0.000528	1.000196
1.8747245020342538	0.000518	0.000509	1.000192
1.8782484202711602	0.000517	0.000492	1.000188
1.8817723385080667	0.000517	0.000474	1.000184
1.8852962567449734	0.000516	0.000458	1.00018
1.8888201749818798	0.000515	0.000442	1.000176
1.8923440932187863	0.000514	0.000426	1.000173
1.8958680114556927	0.000513	0.000411	1.000169
1.8993919296925992	0.000512	0.000397	1.000166
1.9029158479295056	0.000511	0.000383	1.000163
1.9064397661664123	0.000511	0.000369	1.000159
1.9099636844033188	0.00051	0.000356	1.000156
1.9134876026402252	0.000509	0.000344	1.000153
1.9170115208771317	0.000509	0.000331	1.00015
1.9205354391140381	0.000508	0.00032	1.000147
1.9240593573509448	0.000507	0.000308	1.000144
1.9275832755878513	0.000507	0.000297	1.000141
1.9311071938247577	0.000506	0.000287	1.000138
1.9346311120616642	0.000506	0.000277	1.000135
1.9381550302985706	0.000505	0.000267	1.000133
1.941678948535477	0.000504	0.000257	1.00013
1.9452028667723837	0.000504	0.000248	1.000127
1.9487267850092902	0.000503	0.000239	1.000125
1.9522507032461967	0.000503	0.000231	1.000122
1.955774621483103	0.000503	0.000223	1.00012
1.9592985397200096	0.000502	0.000215	1.000117
1.9628224579569162	0.000502	0.000207	1.000115
1.9663463761938227	0.000501	0.0002	1.000113
1.9698702944307291	0.000501	0.000192	1.00011
1.9733942126676356	0.0005	0.000185	1.000108
1.976918130904542	0.0005	0.000179	1.000106
1.9804420491414487	0.0005	0.000172	1.000104
1.9839659673783547	0.000499	0.000166	1.000102
1.9874898856152612	0.000499	0.00016	1.0001
1.9910138038521676	0.000499	0.000155	1.000098
1.9945377220890743	0.000498	0.000149	1.000096
1.9980616403259808	0.000498	0.000144	1.000094
2.001585558562887	0.000498	0.000138	1.000092
2.005109476799794	0.000498	0.000133	1.00009
2.0086333950367004	0.000497	0.000129	1.000088
2.012157313273607	0.000497	0.000124	1.000086
2.0156812315105133	0.000497	0.00012	1.000085
2.0192051497474197	0.000497	0.000115	1.000083
2.022729067984326	0.000496	0.000111	1.000081
2.0262529862212326	0.000496	0.000107	1.00008
2.029776904458139	0.000496	0.000103	1.000078
2.0333008226950455	0.000496	0.0001	1.000076
2.036824740931952	0.000496	0.000096	1.000075
2.0403486591688584	0.000495	0.000093	1.000073
2.0438725774057653	0.000495	0.000089	1.000072
2.047396495642672	0.000495	0.000086	1.00007
2.0509204138795782	0.000495	0.000083	1.000069
2.0544443321164847	0.000495	0.00008	1.000068
2.057968250353391	0.000495	0.000077	1.000066
2.0614921685902976	0.000494	0.000074	1.000065
2.065016086827204	0.000494	0.000072	1.000064
2.0685400050641105	0.000494	0.000069	1.000062
2.072063923301017	0.000494	0.000066	1.000061
2.0755878415379234	0.000494	0.000064	1.00006
2.07911175977483	0.000494	0.000062	1.000059
2.0826356780117368	0.000494	0.000059	1.000057
2.0861595962486432	0.000493	0.000057	1.000056
2.0896835144855497	0.000493	0.000055	1.000055
2.093207432722456	0.000493	0.000053	1.000054
2.0967313509593626	0.000493	0.000051	1.000053
2.100255269196269	0.000493	0.000049	1.000052
2.1037791874331755	0.000493	0.000048	1.000051
2.107303105670082	0.000493	0.000046	1.00005
2.1108270239069884	0.000493	0.000044	1.000049
2.114350942143895	0.000493	0.000043	1.000048
2.1178748603808017	0.000493	0.000041	1.000047
2.121398778617708	0.000493	0.00004	1.000046
2.1249226968546147	0.000492	0.000038	1.000045
2.128446615091521	0.000492	0.000037	1.000044
2.1319705333284276	0.000492	0.000035	1.000043
2.135494451565334	0.000492	0.000034	1.000042
2.1390183698022405	0.000492	0.000033	1.000041
2.142542288039147	0.000492	0.000032	1.000041
2.1460662062760534	0.000492	0.000031	1.00004
2.14959012451296	0.000492	0.00003	1.000039
2.1531140427498663	0.000492	0.000028	1.000038
2.156637960986773	0.000492	0.000027	1.000037
2.1601618792236796	0.000492	0.000026	1.000037
2.163685797460586	0.000492	0.000025	1.000036
2.1672097156974925	0.000492	0.000025	1.000035
2.170733633934399	0.000492	0.000024	1.000034
2.1742575521713055	0.000492	0.000023	1.000034
2.177781470408212	0.000492	0.000022	1.000033
2.1813053886451184	0.000492	0.000021	1.000032
2.184829306882025	0.000491	0.00002	1.000032
2.1883532251189313	0.000491	0.00002	1.000031
2.1918771433558377	0.000491	0.000019	1.00003
2.1954010615927446	0.000491	0.000018	1.00003
2.198924979829651	0.000491	0.000018	1.000029
2.2024488980665575	0.000491	0.000017	1.000029
2.205972816303464	0.000491	0.000016	1.000028
2.2094967345403704	0.000491	0.000016	1.000027
2.213020652777277	0.000491	0.000015	1.000027
2.2165445710141833	0.000491	0.000015	1.000026
2.22006848925109	0.000491	0.000014	1.000026
2.2235924074879962	0.000491	0.000014	1.000025
2.2271163257249027	0.000491	0.000013	1.000025
2.230640243961809	0.000491	0.000013	1.000024
2.234164162198716	0.000491	0.000012	1.000024
2.2376880804356225	0.000491	0.000012	1.000023
2.241211998672529	0.000491	0.000011	1.000023
2.2447359169094354	0.000491	0.000011	1.000022
2.248259835146342	0.000491	0.00001	1.000022
2.2517837533832483	0.000491	0.00001	1.000021
2.2553076716201548	0.000491	0.00001	1.000021
2.2588315898570612	0.000491	9.e-6	1.000021
2.2623555080939677	0.000491	9.e-6	1.00002
2.265879426330874	0.000491	9.e-6	1.00002
2.269403344567781	0.000491	8.e-6	1.000019
2.2729272628046875	0.000491	8.e-6	1.000019
2.276451181041594	0.000491	8.e-6	1.000019
2.2799750992785004	0.000491	7.e-6	1.000018
2.283499017515407	0.000491	7.e-6	1.000018
2.2870229357523133	0.000491	7.e-6	1.000017
2.2905468539892198	0.000491	7.e-6	1.000017
2.294070772226126	0.000491	6.e-6	1.000017
2.2975946904630327	0.000491	6.e-6	1.000016
2.301118608699939	0.000491	6.e-6	1.000016
2.3046425269368456	0.000491	6.e-6	1.000016
2.3081664451737525	0.000491	6.e-6	1.000015
2.311690363410659	0.000491	5.e-6	1.000015
2.3152142816475654	0.000491	5.e-6	1.000015
2.318738199884472	0.000491	5.e-6	1.000015
2.3222621181213783	0.000491	5.e-6	1.000014
2.3257860363582847	0.000491	5.e-6	1.000014
2.329309954595191	0.000491	4.e-6	1.000014
2.3328338728320976	0.000491	4.e-6	1.000013
2.336357791069004	0.000491	4.e-6	1.000013
2.3398817093059106	0.000491	4.e-6	1.000013
2.343405627542817	0.000491	4.e-6	1.000013
2.346929545779724	0.000491	4.e-6	1.000012
2.3504534640166304	0.000491	4.e-6	1.000012
2.353977382253537	0.000491	3.e-6	1.000012
2.3575013004904433	0.000491	3.e-6	1.000012
2.3610252187273497	0.000491	3.e-6	1.000011
2.364549136964256	0.000491	3.e-6	1.000011
2.3680730552011626	0.000491	3.e-6	1.000011
2.371596973438069	0.000491	3.e-6	1.000011
2.3751208916749755	0.000491	3.e-6	1.00001
2.378644809911882	0.000491	3.e-6	1.00001
2.3821687281487884	0.000491	3.e-6	1.00001
2.3856926463856953	0.000491	2.e-6	1.00001
2.389216564622602	0.000491	2.e-6	1.00001
2.3927404828595082	0.000491	2.e-6	1.000009
2.3962644010964147	0.000491	2.e-6	1.000009
2.399788319333321	0.000491	2.e-6	1.000009
2.4033122375702276	0.000491	2.e-6	1.000009
2.406836155807134	0.00049	2.e-6	1.000009
2.4103600740440405	0.00049	2.e-6	1.000008
2.413883992280947	0.00049	2.e-6	1.000008
2.4174079105178534	0.00049	2.e-6	1.000008
2.4209318287547603	0.00049	2.e-6	1.000008
2.4244557469916663	0.00049	2.e-6	1.000008
2.427979665228573	0.00049	2.e-6	1.000008
2.4315035834654792	0.00049	2.e-6	1.000007
2.4350275017023857	0.00049	1.e-6	1.000007
2.438551419939292	0.00049	1.e-6	1.000007
2.4420753381761986	0.00049	1.e-6	1.000007
2.445599256413105	0.00049	1.e-6	1.000007
2.4491231746500115	0.00049	1.e-6	1.000007
2.452647092886918	0.00049	1.e-6	1.000007
2.456171011123825	0.00049	1.e-6	1.000006
2.4596949293607313	0.00049	1.e-6	1.000006
2.4632188475976378	0.00049	1.e-6	1.000006
2.466742765834544	0.00049	1.e-6	1.000006
2.4702666840714507	0.00049	1.e-6	1.000006
2.473790602308357	0.00049	1.e-6	1.000006
2.4773145205452636	0.00049	1.e-6	1.000006
2.48083843878217	0.00049	1.e-6	1.000006
2.4843623570190765	0.00049	1.e-6	1.000005
2.487886275255983	0.00049	1.e-6	1.000005
2.4914101934928894	0.00049	1.e-6	1.000005
2.4949341117297963	0.00049	1.e-6	1.000005
2.4984580299667027	0.00049	1.e-6	1.000005
2.501981948203609	0.00049	1.e-6	1.000005
2.5055058664405156	0.00049	1.e-6	1.000005
2.509029784677422	0.00049	1.e-6	1.000005
2.5125537029143286	0.00049	1.e-6	1.000005
2.516077621151235	0.00049	1.e-6	1.000005
2.5196015393881415	0.00049	1.e-6	1.000004
2.523125457625048	0.00049	1.e-6	1.000004
2.5266493758619544	0.00049	1.e-6	1.000004
2.5301732940988613	0.00049	1.e-6	1.000004
2.5336972123357677	0.00049	1.e-6	1.000004
2.537221130572674	0.00049	1.e-6	1.000004
2.5407450488095806	0.00049	1.e-6	1.000004
2.544268967046487	0.00049	0.	1.000004
2.5477928852833935	0.00049	0.	1.000004
2.5513168035203	0.00049	0.	1.000004
2.5548407217572064	0.00049	0.	1.000004
2.558364639994113	0.00049	0.	1.000004
2.5618885582310194	0.00049	0.	1.000003
2.565412476467926	0.00049	0.	1.000003
2.5689363947048327	0.00049	0.	1.000003
2.572460312941739	0.00049	0.	1.000003
2.5759842311786456	0.00049	0.	1.000003
2.579508149415552	0.00049	0.	1.000003
2.5830320676524585	0.00049	0.	1.000003
2.586555985889365	0.00049	0.	1.000003
2.5900799041262714	0.00049	0.	1.000003
2.593603822363178	0.00049	0.	1.000003
2.5971277406000843	0.00049	0.	1.000003
2.600651658836991	0.00049	0.	1.000003
2.6041755770738972	0.00049	0.	1.000003
2.607699495310804	0.00049	0.	1.000003
2.6112234135477106	0.00049	0.	1.000003
2.614747331784617	0.00049	0.	1.000002
2.6182712500215235	0.00049	0.	1.000002
2.62179516825843	0.00049	0.	1.000002
2.6253190864953364	0.00049	0.	1.000002
2.628843004732243	0.00049	0.	1.000002
2.6323669229691493	0.00049	0.	1.000002
2.6358908412060558	0.00049	0.	1.000002
2.639414759442962	0.00049	0.	1.000002
2.6429386776798687	0.00049	0.	1.000002
2.6464625959167756	0.00049	0.	1.000002
2.649986514153682	0.00049	0.	1.000002
2.6535104323905885	0.00049	0.	1.000002
2.657034350627495	0.00049	0.	1.000002
2.6605582688644014	0.00049	0.	1.000002
2.664082187101308	0.00049	0.	1.000002
2.6676061053382143	0.00049	0.	1.000002
2.6711300235751207	0.00049	0.	1.000002
2.674653941812027	0.00049	0.	1.000002
2.6781778600489337	0.00049	0.	1.000002
2.6817017782858406	0.00049	0.	1.000002
2.685225696522747	0.00049	0.	1.000002
2.6887496147596535	0.00049	0.	1.000002
2.69227353299656	0.00049	0.	1.000002
2.6957974512334664	0.00049	0.	1.000001
2.699321369470373	0.00049	0.	1.000001
2.7028452877072793	0.00049	0.	1.000001
2.7063692059441857	0.00049	0.	1.000001
2.709893124181092	0.00049	0.	1.000001
2.7134170424179986	0.00049	0.	1.000001
2.716940960654905	0.00049	0.	1.000001
2.720464878891812	0.00049	0.	1.000001
2.7239887971287184	0.00049	0.	1.000001
2.727512715365625	0.00049	0.	1.000001
2.7310366336025313	0.00049	0.	1.000001
2.734560551839438	0.00049	0.	1.000001
2.7380844700763443	0.00049	0.	1.000001
2.7416083883132507	0.00049	0.	1.000001
2.745132306550157	0.00049	0.	1.000001
2.7486562247870636	0.00049	0.	1.000001
2.75218014302397	0.00049	0.	1.000001
2.7557040612608765	0.00049	0.	1.000001
2.7592279794977834	0.00049	0.	1.000001
2.76275189773469	0.00049	0.	1.000001
2.7662758159715963	0.00049	0.	1.000001
2.769799734208503	0.00049	0.	1.000001
2.7733236524454092	0.00049	0.	1.000001
2.7768475706823157	0.00049	0.	1.000001
2.780371488919222	0.00049	0.	1.000001
2.7838954071561286	0.00049	0.	1.000001
2.787419325393035	0.00049	0.	1.000001
2.7909432436299415	0.00049	0.	1.000001
2.7944671618668484	0.00049	0.	1.000001
2.797991080103755	0.00049	0.	1.000001
2.8015149983406613	0.00049	0.	1.000001
2.8050389165775678	0.00049	0.	1.000001
2.808562834814474	0.00049	0.	1.000001
2.8120867530513807	0.00049	0.	1.000001
2.815610671288287	0.00049	0.	1.000001
2.8191345895251936	0.00049	0.	1.000001
2.8226585077621	0.00049	0.	1.000001
2.8261824259990065	0.00049	0.	1.000001
2.829706344235913	0.00049	0.	1.000001
2.83323026247282	0.00049	0.	1.000001
2.8367541807097263	0.00049	0.	1.000001
2.8402780989466327	0.00049	0.	1.000001
2.843802017183539	0.00049	0.	1.000001
2.8473259354204457	0.00049	0.	1.000001
2.850849853657352	0.00049	0.	1.000001
2.8543737718942586	0.00049	0.	1.
2.857897690131165	0.00049	0.	1.
2.8614216083680715	0.00049	0.	1.
2.8649455266049775	0.00049	0.	1.
2.8684694448418844	0.00049	0.	1.
2.871993363078791	0.00049	0.	1.
2.8755172813156973	0.00049	0.	1.
2.8790411995526037	0.00049	0.	1.
2.88256511778951	0.00049	0.	1.
2.8860890360264166	0.00049	0.	1.
2.889612954263323	0.00049	0.	1.
2.8931368725002296	0.00049	0.	1.
2.896660790737136	0.00049	0.	1.
2.9001847089740425	0.00049	0.	1.
2.9037086272109494	0.00049	0.	1.
2.907232545447856	0.00049	0.	1.
2.9107564636847623	0.00049	0.	1.
2.9142803819216687	0.00049	0.	1.
2.917804300158575	0.00049	0.	1.
2.9213282183954816	0.00049	0.	1.
2.924852136632388	0.00049	0.	1.
2.9283760548692945	0.00049	0.	1.
2.931899973106201	0.00049	0.	1.
2.9354238913431074	0.00049	0.	1.
2.938947809580014	0.00049	0.	1.
2.942471727816921	0.00049	0.	1.
2.9459956460538272	0.00049	0.	1.
2.9495195642907337	0.00049	0.	1.
2.95304348252764	0.00049	0.	1.
2.9565674007645466	0.00049	0.	1.
2.960091319001453	0.00049	0.	1.
2.9636152372383595	0.00049	0.	1.
2.967139155475266	0.00049	0.	1.
2.9706630737121724	0.00049	0.	1.
2.974186991949079	0.00049	0.	1.
2.9777109101859853	0.00049	0.	1.
2.9812348284228922	0.00049	0.	1.
2.9847587466597987	0.00049	0.	1.
2.988282664896705	0.00049	0.	1.
2.9918065831336116	0.00049	0.	1.
2.995330501370518	0.00049	0.	1.
2.9988544196074245	0.00049	0.	1.
3.002378337844331	0.00049	0.	1.
3.0059022560812374	0.00049	0.	1.
3.009426174318144	0.00049	0.	1.
3.0129500925550503	0.00049	0.	1.
3.0164740107919568	0.00049	0.	1.
3.0199979290288637	0.00049	0.	1.
3.02352184726577	0.00049	0.	1.
3.0270457655026766	0.00049	0.	1.
3.030569683739583	0.00049	0.	1.
3.0340936019764895	0.00049	0.	1.
3.037617520213396	0.00049	0.	1.
3.0411414384503024	0.00049	0.	1.
3.044665356687209	0.00049	0.	1.
3.0481892749241153	0.00049	0.	1.
3.0517131931610217	0.00049	0.	1.
3.0552371113979286	0.00049	0.	1.
3.058761029634835	0.00049	0.	1.
3.0622849478717415	0.00049	0.	1.
3.065808866108648	0.00049	0.	1.
3.0693327843455545	0.00049	0.	1.
3.072856702582461	0.00049	0.	1.
3.0763806208193674	0.00049	0.	1.
3.079904539056274	0.00049	0.	1.
3.0834284572931803	0.00049	0.	1.
3.0869523755300867	0.00049	0.	1.
3.090476293766993	0.00049	0.	1.
3.0940002120039	0.00049	0.	1.
3.0975241302408065	0.00049	0.	1.
3.101048048477713	0.00049	0.	1.
3.1045719667146194	0.00049	0.	1.
3.108095884951526	0.00049	0.	1.
3.1116198031884323	0.00049	0.	1.
3.115143721425339	0.00049	0.	1.
3.1186676396622453	0.00049	0.	1.
3.1221915578991517	0.00049	0.	1.
3.125715476136058	0.00049	0.	1.
3.1292393943729646	0.00049	0.	1.
3.1327633126098715	0.00049	0.	1.
3.136287230846778	0.00049	0.	1.
3.1398111490836844	0.00049	0.	1.
3.143335067320591	0.00049	0.	1.
3.1468589855574973	0.00049	0.	1.
3.1503829037944038	0.00049	0.	1.
3.1539068220313102	0.00049	0.	1.
3.1574307402682167	0.00049	0.	1.
3.160954658505123	0.00049	0.	1.
3.1644785767420296	0.00049	0.	1.
3.168002494978936	0.00049	0.	1.
3.171526413215843	0.00049	0.	1.
3.1750503314527494	0.00049	0.	1.
3.178574249689656	0.00049	0.	1.
3.1820981679265623	0.00049	0.	1.
3.1856220861634688	0.00049	0.	1.
3.189146004400375	0.00049	0.	1.
3.1926699226372817	0.00049	0.	1.
3.196193840874188	0.00049	0.	1.
3.1997177591110946	0.00049	0.	1.
3.203241677348001	0.00049	0.	1.
3.206765595584908	0.00049	0.	1.
3.2102895138218144	0.00049	0.	1.
3.213813432058721	0.00049	0.	1.
3.2173373502956273	0.00049	0.	1.
3.2208612685325337	0.00049	0.	1.
3.22438518676944	0.00049	0.	1.
3.2279091050063466	0.00049	0.	1.
3.231433023243253	0.00049	0.	1.
3.2349569414801596	0.00049	0.	1.
3.238480859717066	0.00049	0.	1.
3.2420047779539725	0.00049	0.	1.
3.2455286961908794	0.00049	0.	1.
3.249052614427786	0.00049	0.	1.
3.2525765326646923	0.00049	0.	1.
3.2561004509015987	0.00049	0.	1.
3.259624369138505	0.00049	0.	1.
3.2631482873754116	0.00049	0.	1.
3.266672205612318	0.00049	0.	1.
3.2701961238492245	0.00049	0.	1.
3.273720042086131	0.00049	0.	1.
3.2772439603230374	0.00049	0.	1.
3.280767878559944	0.00049	0.	1.
3.284291796796851	0.00049	0.	1.
3.2878157150337572	0.00049	0.	1.
3.2913396332706637	0.00049	0.	1.
3.29486355150757	0.00049	0.	1.
3.2983874697444766	0.00049	0.	1.
3.301911387981383	0.00049	0.	1.
3.305435306218289	0.00049	0.	1.
3.3089592244551955	0.00049	0.	1.
3.312483142692102	0.00049	0.	1.
3.316007060929009	0.00049	0.	1.
3.3195309791659153	0.00049	0.	1.
3.323054897402822	0.00049	0.	1.
3.3265788156397282	0.00049	0.	1.
3.3301027338766347	0.00049	0.	1.
3.333626652113541	0.00049	0.	1.
3.3371505703504476	0.00049	0.	1.
3.340674488587354	0.00049	0.	1.
3.3441984068242605	0.00049	0.	1.
3.347722325061167	0.00049	0.	1.
3.3512462432980734	0.00049	0.	1.
3.3547701615349803	0.00049	0.	1.
3.3582940797718868	0.00049	0.	1.
3.361817998008793	0.00049	0.	1.
3.3653419162456997	0.00049	0.	1.
3.368865834482606	0.00049	0.	1.
3.3723897527195126	0.00049	0.	1.
3.375913670956419	0.00049	0.	1.
3.3794375891933255	0.00049	0.	1.
3.382961507430232	0.00049	0.	1.
3.3864854256671384	0.00049	0.	1.
3.390009343904045	0.00049	0.	1.
3.3935332621409517	0.00049	0.	1.
3.397057180377858	0.00049	0.	1.
3.4005810986147647	0.00049	0.	1.
3.404105016851671	0.00049	0.	1.
3.4076289350885776	0.00049	0.	1.
3.411152853325484	0.00049	0.	1.
3.4146767715623905	0.00049	0.	1.
3.418200689799297	0.00049	0.	1.
3.4217246080362034	0.00049	0.	1.
3.42524852627311	0.00049	0.	1.
3.4287724445100163	0.00049	0.	1.
3.432296362746923	0.00049	0.	1.
3.4358202809838296	0.00049	0.	1.
3.439344199220736	0.00049	0.	1.
3.4428681174576425	0.00049	0.	1.
3.446392035694549	0.00049	0.	1.
3.4499159539314554	0.00049	0.	1.
3.453439872168362	0.00049	0.	1.
3.4569637904052684	0.00049	0.	1.
3.460487708642175	0.00049	0.	1.
3.4640116268790813	0.00049	0.	1.
3.467535545115988	0.00049	0.	1.
3.4710594633528946	0.00049	0.	1.
3.474583381589801	0.00049	0.	1.
3.4781072998267075	0.00049	0.	1.
3.481631218063614	0.00049	0.	1.
3.4851551363005204	0.00049	0.	1.
3.488679054537427	0.00049	0.	1.
3.4922029727743333	0.00049	0.	1.
3.49572689101124	0.00049	0.	1.
3.4992508092481462	0.00049	0.	1.
3.5027747274850527	0.00049	0.	1.
3.5062986457219596	0.00049	0.	1.
3.509822563958866	0.00049	0.	1.
3.5133464821957725	0.00049	0.	1.
3.516870400432679	0.00049	0.	1.
3.5203943186695854	0.00049	0.	1.