0.001 0.9999999662268765 4.718970347247347e-7
0.002 0.9999997791235855 2.876845924833746e-6
0.003 0.9999993524386989 7.988177104865931e-6
0.004 0.9999986706533038 1.56943377989505e-5
0.005 0.9999977310077451 2.5857306224441075e-5
0.006 0.9999965313975518 3.838473124571764e-5
0.007 0.9999950697906836 5.3208187329445165e-5
0.008 0.9999933441559358 7.027404454381315e-5
0.009000000000000001 0.999991352448966 8.953877807428928e-5
0.01 0.9999890926088023 0.00011096621632904045
0.011 0.9999865625566027 0.00013452578296382385
0.012 0.9999837601952771 0.00016019130356292416
0.013000000000000001 0.9999806834091354 0.00018794015854555905
0.014 0.9999773300637228 0.00021775265979084453
0.015 0.9999736980055682 0.0002496115787868923
0.016 0.9999697850620393 0.00028350178081419273
0.017 0.9999655890411306 0.000319409935849706
0.018000000000000002 0.9999611077312982 0.00035732428610560563
0.019 0.9999563389012198 0.00039723445648452314
0.02 0.999951280299621 0.0004391312979515775
0.021 0.999945929655054 0.0004830067568196675
0.022 0.9999402846756849 0.0005288537644599153
0.023 0.9999343430491344 0.0005766661433802644
0.024 0.9999281024422234 0.0006264385268309014
0.025 0.9999215605007182 0.0006781662893515981
0.026000000000000002 0.9999147148491933 0.0007318454862765167
0.027 0.9999075630907607 0.0007874728010145149
0.028 0.9999001028068493 0.0008450454986591125
0.029 0.9998923315569862 0.0009045613849943399
0.03 0.9998842468785276 0.0009660187702021328
0.031 0.9998758462865092 0.0010294164363778904
0.032 0.9998671272733217 0.0010947536087121375
0.033 0.9998580873085265 0.0011620299294483696
0.034 0.999848723838579 0.0012312454345600704
0.035 0.9998390342866074 0.0013024005326164394
0.036000000000000004 0.9998290160521397 0.0013754959857075271
0.037 0.9998186665108638 0.0014505328920955756
0.038 0.9998079830143959 0.001527512670394415
0.039 0.9997969628899953 0.0016064370452406123
0.04 0.9997856034402917 0.0016873080341516342
0.041 0.9997739019430684 0.001770127935426494
0.042 0.9997618556509229 0.0018548993172372884
0.043000000000000003 0.9997494617910535 0.001941625007367581
0.044 0.9997367175649842 0.0020303080838850623
0.045 0.999723620148258 0.002120951866559659
0.046 0.9997101666901621 0.002213559908998313
0.047 0.999696354313458 0.002308135991290562
0.048 0.9996821801140889 0.0024046841132289876
0.049 0.9996676411608535 0.0025032084880954346
0.05 0.9996527344951451 0.002603713536818714
0.051000000000000004 0.9996374571306693 0.002706203882541507
0.052000000000000005 0.9996218060530989 0.0028106843457240314
0.053 0.9996057782197637 0.002917159939492369
0.054 0.9995893705593834 0.003025635865295032
0.055 0.9995725799717285 0.003136117508945685
0.056 0.9995554033272847 0.0032486104369212417
0.057 0.9995378374669697 0.003363120392868697
0.058 0.9995198792017586 0.003479653294469041
0.059000000000000004 0.9995015253124048 0.0035982152303915067
0.06 0.999482772549048 0.0037188124576248167
0.061 0.9994636176309007 0.0038414513988858047
0.062 0.9994440572459306 0.003966138640157416
0.063 0.9994240880504711 0.0040928809285705045
0.064 0.9994037066688826 0.004221685170341173
0.065 0.9993829096931885 0.004352558428888462
0.066 0.9993616936827435 0.00448550792303567
0.067 0.999340055163824 0.004620541025463195
0.068 0.9993179906292743 0.004757665261206935
0.069 0.9992954965381401 0.004896888306272729
0.07 0.9992725693152694 0.005038217986404641
0.07100000000000001 0.9992492053509278 0.00518166227594365
0.07200000000000001 0.9992254010004369 0.005327229296745171
0.073 0.9992011525837253 0.005474927317303565
0.074 0.9991764563849673 0.0056247647518406
0.075 0.9991513086521682 0.005776750159555341
0.076 0.9991257055967501 0.0059308922439365
0.077 0.999099643393095 0.006087199852218491
0.078 0.9990731181782155 0.006245681974716629
0.079 0.9990461260512061 0.006406347744547949
0.08 0.9990186630729255 0.006569206437066957
0.081 0.9989907252654576 0.006734267469693697
0.082 0.998962308611727 0.006901540401563811
0.083 0.9989334090550418 0.007071034933359505
0.084 0.9989040224985832 0.007242760907226372
0.085 0.9988741448049988 0.007416728306612784
0.08600000000000001 0.9988437717959268 0.007592947256255427
0.08700000000000001 0.9988128992515035 0.0077714280222328826
0.088 0.9987815229098479 0.007952181012095086
0.089 0.9987496384666319 0.008135216774898296
0.09 0.9987172415745674 0.00832054600142302
0.091 0.9986843278428624 0.008508179524435291
0.092 0.9986508928367424 0.008698128318917168
0.093 0.9986169320769848 0.008890403502304788
0.094 0.9985824410392762 0.00908501633501819
0.095 0.9985474151537843 0.0092819782207022
0.096 0.9985118498045626 0.009481300706747244
0.097 0.9984757403290692 0.009682995484683871
0.098 0.9984390820175122 0.009887074390833169
0.099 0.9984018701123842 0.010093549406724982
0.1 0.9983640998078444 0.01030243265976964
0.101 0.9983257662491716 0.010513736423830843
0.10200000000000001 0.9982868645321392 0.010727473119955495
0.10300000000000001 0.998247389702467 0.010943655317004076
0.10400000000000001 0.9982073367551946 0.011162295732424811
0.105 0.9981667006340895 0.011383407233000483
0.106 0.9981254762309977 0.011607002835686539
0.107 0.9980836583852702 0.011833095708370843
0.108 0.9980412418830729 0.012061699170832553
0.109 0.9979982214568102 0.012292826695542882
0.11 0.9979545917843862 0.012526491908708838
0.111 0.997910347488617 0.012762708591143177
0.112 0.9978654831365306 0.01300149067929875
0.113 0.9978199932386986 0.013242852266272
0.114 0.9977738722485207 0.013486807602903472
0.115 0.9977271145615646 0.01373337109881388
0.116 0.9976797145148163 0.013982557323567154
0.117 0.9976316663860026 0.0142343810077676
0.11800000000000001 0.9975829643928111 0.01448885704433568
0.11900000000000001 0.9975336026922105 0.01474600048960024
0.12 0.9974835753796427 0.015005826564624573
0.121 0.9974328764883053 0.015268350656439807
0.122 0.9973814999883444 0.015533588319395629
0.123 0.9973294397861171 0.01580155527638947
0.124 0.997276689723354 0.016072267420320425
0.125 0.9972232435763944 0.016345740815433753
0.126 0.9971690950552854 0.016621991698902158
0.127 0.9971142378030611 0.01690103648200479
0.128 0.9970586653948463 0.01718289175175378
0.129 0.9970023713370326 0.017467574272346655
0.13 0.9969453490663889 0.01775510098681963
0.131 0.9968875919491492 0.018045489018606656
0.132 0.9968290932801877 0.018338755673076045
0.133 0.996769846282085 0.018634918439195604
0.134 0.9967098441042317 0.018933994991173875
0.135 0.9966490798218468 0.01923600319025737
0.136 0.9965875464350846 0.019540961086369185
0.137 0.9965252368680487 0.019848886919927672
0.138 0.996462143967827 0.020159799123635587
0.139 0.9963982605035228 0.020473716324275748
0.14 0.9963335791652443 0.020790657344594263
0.14100000000000001 0.9962680925630575 0.02111064120523589
0.14200000000000002 0.9962017932259797 0.0214336871266534
0.14300000000000002 0.9961346736009721 0.021759814530991777
0.14400000000000002 0.9960667260518122 0.022089043044195834
0.145 0.995997942858052 0.02242139249797569
0.146 0.9959283162139059 0.022756882931903626
0.147 0.995857838227196 0.023095534595417952
0.148 0.9957865009181318 0.023437367950123328
0.149 0.9957142962182297 0.023782403671857612
0.15 0.9956412159691492 0.024130662652904148
0.151 0.9955672519214966 0.024482166004258434
0.152 0.9954923957336463 0.02483693505789549
0.153 0.9954166389704636 0.025194991369158783
0.154 0.9953399731022032 0.025556356718943095
0.155 0.9952623895030932 0.025921053116315394
0.156 0.9951838794502109 0.026289102800735188
0.157 0.9951044341220822 0.026660528244695097
0.158 0.9950240445974607 0.027035352156088162
0.159 0.9949427018539072 0.02741359748090041
0.16 0.9948603967665274 0.02779528740568254
0.161 0.9947771201065239 0.028180445360286705
0.162 0.9946928625398513 0.02856909502046875
0.163 0.9946076146257836 0.028961260310637976
0.164 0.9945213668154886 0.02935696540659488
0.165 0.9944341094505491 0.029756234738369997
0.166 0.9943458327614884 0.030159092993072945
0.167 0.9942565268662976 0.030565565117719098
0.168 0.9941661817688577 0.03097567632224962
0.169 0.9940747873573877 0.03138945208252197
0.17 0.9939823334029463 0.03180691814322633
0.171 0.9938888095577305 0.03222810052110429
0.17200000000000001 0.9937942053535065 0.032653025508002274
0.17300000000000001 0.9936985101999138 0.03308171967409649
0.17400000000000002 0.9936017133828452 0.03351420987105144
0.17500000000000002 0.9935038040626686 0.0339505232353872
0.176 0.9934047712725989 0.03439068719167082
0.177 0.9933046039168171 0.03483472945605101
0.178 0.9932032907687658 0.035282678039571885
0.179 0.9931008204692879 0.03573456125173673
0.18 0.992997181524821 0.03619040770397805
0.181 0.9928923623054482 0.036650246313386675
0.182 0.9927863510431002 0.03711410630618799
0.183 0.9926791358295044 0.03758201722159041
0.184 0.9925707046143017 0.03805400891544948
0.185 0.9924610452030153 0.03853011156411683
0.186 0.9923501452550095 0.0390103556683571
0.187 0.9922379922814106 0.03949477205734206
0.188 0.9921245736430477 0.039983391892573245
0.189 0.9920098765482804 0.040476246671989305
0.19 0.9918938880508656 0.0409733682340346
0.191 0.9917765950477107 0.04147478876194584
0.192 0.9916579842766755 0.04198054078800061
0.193 0.9915380423142344 0.042490657197871054
0.194 0.991416755573243 0.04300517123490863
0.195 0.9912941103005111 0.04352411650471838
0.196 0.9911700925744334 0.0440475269796882
0.197 0.9910446883025908 0.04457543700351521
0.198 0.9909178832192057 0.04510788129602927
0.199 0.9907896628826961 0.04564489495779012
0.2 0.9906600126730618 0.046186513475067664
0.201 0.9905289177893184 0.046732772724630875
0.202 0.9903963632468411 0.047283708978829504
0.203 0.9902623338746984 0.04783935891056678
0.20400000000000001 0.9901268143128572 0.048399759598541106
0.20500000000000002 0.9899897890094834 0.04896494853239117
0.20600000000000002 0.9898512422180429 0.049534963618046726
0.20700000000000002 0.9897111579944846 0.05010984318309857
0.20800000000000002 0.9895695201942388 0.05068962598235227
0.209 0.989426312469338 0.05127435120327789
0.21 0.989281518265296 0.051864058471809846
0.211 0.9891351208181195 0.05245878785796705
0.212 0.9889871031510805 0.05305857988180286
0.213 0.988837448071615 0.05366347551925287
0.214 0.9886861381680547 0.05427351620817639
0.215 0.9885331558063001 0.054888743854559975
0.216 0.9883784831264876 0.05550920083871997
0.217 0.9882221020396319 0.056134930021506484
0.218 0.9880639942240433 0.05676597475094349
0.219 0.9879041411218619 0.05740237886864896
0.22 0.9877425239354941 0.0580441867164456
0.221 0.9875791236238921 0.058691443143174635
0.222 0.9874139208988463 0.059344193511555586
0.223 0.9872468962212271 0.06000248370513374
0.224 0.9870780297971083 0.06066636013538625
0.225 0.9869073015738157 0.06133586974895315
0.226 0.9867346912360088 0.062011060034902435
0.227 0.9865601782015492 0.0626919790322236
0.228 0.9863837416173958 0.06337867533736298
0.229 0.9862053603553674 0.06407119811198232
0.23 0.9860250130079099 0.06476959709065157
0.231 0.9858426778836957 0.06547392258885366
0.232 0.9856583330031818 0.06618422551113486
0.233 0.9854719560940924 0.06690055735927272
0.234 0.9852835245868102 0.0676229702406641
0.23500000000000001 0.9850930156097223 0.06835151687674781
0.23600000000000002 0.9849004059843738 0.06908625061176486
0.23700000000000002 0.9847056722206946 0.069827225421404
0.23800000000000002 0.9845087905120132 0.07057449592182112
0.23900000000000002 0.9843097367300088 0.07132811737867782
0.24 0.9841084864196101 0.07208814571639947
0.241 0.9839050147937408 0.0728546375275876
0.242 0.983699296727958 0.07362765008263243
0.243 0.9834913067551554 0.07440724133922742
0.244 0.9832810190599321 0.07519346995244969
0.245 0.9830684074730022 0.0759863952847457
0.246 0.9828534454655209 0.07678607741607507
0.247 0.982636106143141 0.07759257715445789
0.248 0.9824163622401877 0.07840595604640078
0.249 0.9821941861135091 0.07922627638776769
0.25 0.9819695497363627 0.08005360123466519
0.251 0.981742424692086 0.08088799441463596
0.252 0.9815127821677955 0.08172952053785258
0.253 0.9812805929477196 0.08257824500880985
0.254 0.9810458274066663 0.08343423403793909
0.255 0.9808084555031716 0.08429755465360404
0.256 0.9805684467726551 0.08516827471416989
0.257 0.9803257703203946 0.08604646292033627
0.258 0.9800803948142441 0.08693218882789387
0.259 0.9798322884774737 0.08782552286027719
0.26 0.9795814190812351 0.08872653632168155
0.261 0.9793277539369695 0.08963530141035395
0.262 0.9790712598887115 0.09055189123197808
0.263 0.978811903305204 0.09147637981337117
0.264 0.9785496500718359 0.09240884211652645
0.265 0.9782844655824136 0.09334935405286351
0.266 0.9780163147308603 0.09429799249755645
0.267 0.977745161902697 0.09525483530428518
0.268 0.9774709709662679 0.09621996132041043
0.269 0.9771937052640007 0.09719345040194771
0.27 0.976913327603331 0.09817538342920028
0.271 0.9766298002474785 0.09916584232256072
0.272 0.9763430849060991 0.10016491005856357
0.273 0.976053142725607 0.101172670686469
0.274 0.9757599342795442 0.10218920934463967
0.275 0.9754634195584686 0.10321461227786262
0.276 0.9751635579599444 0.10424896685429921
0.277 0.9748603082780463 0.10529236158327905
0.278 0.9745536286928982 0.10634488613314852
0.279 0.9742434767598107 0.1074066313495789
0.28 0.9739298093983487 0.10847768927407223
0.281 0.9736125828809992 0.10955815316306694
0.28200000000000003 0.9732917528218314 0.11064811750701657
0.28300000000000003 0.9729672741647866 0.11174767805014006
0.28400000000000003 0.9726391011716689 0.11285693181039032
0.28500000000000003 0.9723071874101179 0.11397597709974215
0.28600000000000003 0.9719714857411097 0.11510491354507738
0.28700000000000003 0.9716319483063269 0.11624384210916619
0.28800000000000003 0.971288526515196 0.11739286511224649
0.289 0.9709411710317202 0.11855208625392516
0.29 0.9705898317610041 0.1197216106356243
0.291 0.9702344578355195 0.120901544783186
0.292 0.9698749976010539 0.12209199667009105
0.293 0.96951139860244 0.12329307574107262
0.294 0.9691436075688773 0.12450489293618625
0.295 0.9687715703990796 0.12572756071515243
0.296 0.9683952321459911 0.12696119308251796
0.297 0.9680145370012557 0.12820590561297374
0.298 0.9676294282793022 0.12946181547734975
0.299 0.9672398484011719 0.1307290414689348
0.3 0.9668457388779794 0.13200770403034998
0.301 0.9664470402939616 0.13329792528102682
0.302 0.966043692289261 0.13459982904506265
0.303 0.9656356335421978 0.13591354087985294
0.304 0.9652228017513745 0.1372391881049145
0.305 0.9648051336172688 0.13857689983147783
0.306 0.9643825648234131 0.13992680699265628
0.307 0.963955030017215 0.14128904237407952
0.308 0.9635224627903726 0.14266374064528625
0.309 0.9630847956588664 0.14405103839145406
0.31 0.9626419600424523 0.14545107414605807
0.311 0.9621938862439132 0.14686398842373624
0.312 0.9617405034275208 0.14828992375433808
0.313 0.9612817395973561 0.14972902471712382
0.314 0.9608175215749224 0.15118143797604994
0.315 0.960347774976589 0.1526473123150512
0.316 0.9598724241900601 0.15412679867505408
0.317 0.9593913923508112 0.15562005019053463
0.318 0.9589046013176366 0.15712722222782707
0.319 0.9584119716479504 0.15864847242337024
0.32 0.9579134225723285 0.16018396072323426
0.321 0.9574088719685696 0.1617338494231123
0.322 0.9568982363352957 0.1632983032090474
0.323 0.956381430764736 0.16487748919924528
0.324 0.9558583689150928 0.16647157698643236
0.325 0.9553289629821861 0.16808073868121925
0.326 0.9547931236705101 0.16970514895616545
0.327 0.9542507601637095 0.17134498509061574
0.328 0.9537017800942644 0.173000427016663
0.329 0.953146089512577 0.1746716573658292
0.33 0.952583592855298 0.17635886151666333
0.331 0.9520141929131941 0.1780622276430135
0.332 0.9514377907978443 0.17978194676392262
0.333 0.9508542859079895 0.18151821279370592
0.334 0.9502635758947966 0.18327122259364104
0.335 0.9496655566267399 0.18504117602403497
0.336 0.9490601221532083 0.18682827599786284
0.337 0.9484471646677912 0.18863272853480584
0.338 0.9478265744702058 0.19045474281714006
0.339 0.9471982399277525 0.19229453124597642
0.34 0.9465620474356877 0.19415230949888257
0.341 0.9459178813769227 0.19602829658834517
0.342 0.9452656240804864 0.19792271492196642
0.343 0.9446051557791582 0.19983579036331875
0.34400000000000003 0.943936354566278 0.20176775229388227
0.34500000000000003 0.9432590963513802 0.20371883367636925
0.34600000000000003 0.9425732548149249 0.20568927111906835
0.34700000000000003 0.9418787013619287 0.2076793049416134
0.34800000000000003 0.9411753050744814 0.2096891792418691
0.34900000000000003 0.9404629326632521 0.21171914196402725
0.35000000000000003 0.9397414484179054 0.21376944496795847
0.35100000000000003 0.9390107141562188 0.21584034410001948
0.352 0.9382705891721496 0.21793209926490376
0.353 0.9375209301827865 0.22004497449884092
0.354 0.9367615912737789 0.22217923804446096
0.355 0.9359924238437372 0.2243351624266456
0.356 0.9352132765472939 0.22651302452998814
0.357 0.9344239952368684 0.2287131056773116
0.358 0.9336244229029464 0.23093569171005474
0.359 0.9328143996131771 0.23318107306961908
0.36 0.9319937624499264 0.23544954488046693
0.361 0.9311623454464223 0.23774140703437632
0.362 0.9303199795213997 0.24005696427638398
0.363 0.9294664924121276 0.24239652629226205
0.364 0.9286017086060826 0.24476040779717456
0.365 0.9277254492709461 0.24714892862592852
0.366 0.9268375321829708 0.24956241382472694
0.367 0.9259377716536302 0.25200119374448876
0.368 0.925025978454556 0.25446560413589275
0.369 0.9241019597410123 0.25695598624512794
0.37 0.9231655189733013 0.259472686911887
0.371 0.9222164558362953 0.2620160586688289
0.372 0.9212545661576126 0.26458645984188506
0.373 0.9202796418229605 0.2671842546533579
0.374 0.9192914706906636 0.2698098133248558
0.375 0.9182898365034375 0.2724635121829156
0.376 0.917274518798356 0.2751457337656939
0.377 0.9162452928151323 0.27785686693061734
0.378 0.9152019294014533 0.28059730696463947
0.379 0.9141441949171067 0.2833674556944341
0.38 0.9130718511353356 0.2861677215990001
0.381 0.9119846551418166 0.28899851992359765
0.382 0.9108823592322597 0.2918602727937963
0.383 0.9097647108066512 0.29475340933209737
0.384 0.9086314522618147 0.29767836577513757
0.385 0.9074823208811922 0.3006355855921023
0.386 0.9063170487224121 0.30362551960432493
0.387 0.9051353625023703 0.30664862610537474
0.388 0.9039369834794582 0.30970537098292844
0.389 0.9027216273338758 0.3127962278403044
0.39 0.9014890040446132 0.31592167811995286
0.391 0.9002388177642724 0.3190822112268224
0.392 0.8989707666909682 0.3222783246523082
0.393 0.8976845429377697 0.32551052409864595
0.394 0.8963798323988006 0.3287793236041008
0.395 0.8950563146134394 0.3320852456668132
0.396 0.8937136626269236 0.335428821369993
0.397 0.8923515428483787 0.3388105905065158
0.398 0.8909696149058685 0.34223110170298066
0.399 0.8895675314990115 0.3456909125423563
0.4 0.888144938248327 0.34919058968657396
0.401 0.886701473541128 0.35273070899853837
0.402 0.8852367683755559 0.35631185566127604
0.403 0.8837504462005439 0.35993462429709466
0.404 0.8822421227539163 0.3635996190825291
0.405 0.8807114058966701 0.3673074538630427
0.406 0.8791578954442797 0.37105875226483437
0.40700000000000003 0.8775811829959583 0.3748541478016752
0.40800000000000003 0.8759808517600631 0.3786942839807099
0.40900000000000003 0.8743564763771534 0.38257981440258915
0.41000000000000003 0.8727076227396185 0.3865114028587529
0.41100000000000003 0.8710338478090724 0.3904897234224976
0.41200000000000003 0.8693346994305275 0.3945154605356031
0.41300000000000003 0.8676097161445128 0.39858930908766077
0.41400000000000003 0.8658584269961302 0.40271197448948326
0.41500000000000004 0.8640803513415275 0.40688417273954886
0.41600000000000004 0.8622749986520445 0.41110663048213403
0.417 0.8604418683157977 0.4153800850569775
0.418 0.8585804494379419 0.4197052845382949
0.419 0.8566902206377119 0.4240829877643687
0.42 0.8547706498446437 0.4285139643551275
0.421 0.8528211940929414 0.4329989947174171
0.422 0.8508412993135251 0.4375388700376613
0.423 0.8488304001263002 0.44213439225799434
0.424 0.8467879196305182 0.44678637403850235
0.425 0.8447132691945758 0.45149563870144765
0.426 0.8426058482460954 0.45626302015708037
0.427 0.8404650440608533 0.4610893628109865
0.428 0.8382902315536704 0.46597552144721527
0.429 0.8360807730694254 0.4709223610901828
0.43 0.8338360181747573 0.4759307568423657
0.431 0.8315553034515241 0.48100159369545015
0.432 0.8292379522944724 0.4861357663105703
0.433 0.8268832747104066 0.4913341787697956
0.434 0.8244905671209948 0.4965977442942692
0.435 0.8220591121699689 0.5019273849282464
0.436 0.8195881785358335 0.5073240311841842
0.437 0.8170770207508113 0.5127886216479364
0.438 0.8145248790252315 0.518322102542129
0.439 0.8119309790817832 0.5239254272418717
0.44 0.8092945319965557 0.5295995557434547
0.441 0.8066147340523797 0.5353454540785159
0.442 0.8038907666013192 0.5411640936757373
0.443 0.8011217959396709 0.5470564506637985
0.444 0.7983069731999605 0.5530235051066593
0.445 0.7954454342552943 0.5590662401763774
0.446 0.7925362996428398 0.5651856412531204
0.447 0.7895786745055394 0.5713826949504107
0.448 0.7865716485545188 0.5776583880615386
0.449 0.7835142960543826 0.5840137064201111
0.45 0.7804056758348166 0.5904496336693278
0.451 0.7772448313282573 0.5969671499397194
0.452 0.7740307906386872 0.6035672304235595
0.453 0.7707625666421104 0.6102508438438689
0.454 0.7674391571225677 0.6170189508125775
0.455 0.7640595449476542 0.6238725020676794
0.456 0.7606226982844922 0.6308124365893198
0.457 0.7571275708623384 0.6378396795803192
0.458 0.753573102282712 0.6449551403124759
0.459 0.7499582183847527 0.6521597098217523
0.46 0.7462818316635963 0.6594542584586913
0.461 0.7425428417547307 0.6668396332698519
0.462 0.7387401359794175 0.6743166552203826
0.463 0.7348725899657425 0.6818861162322833
0.464 0.7309390683429158 0.6895487760443799
0.465 0.7269384255181761 0.6973053588771322
0.466 0.7228695065424977 0.7051565498970332
0.467 0.7187311480659699 0.7131029914769004
0.468 0.714522179399024 0.7211452792305375
0.46900000000000003 0.7102414236750634 0.7292839578314267
0.47000000000000003 0.7058876991301374 0.7375195165920839
0.47100000000000003 0.7014598205038416 0.7458523848006308
0.47200000000000003 0.6969566005707245 0.7542829268093337
0.47300000000000003 0.6923768518025681 0.7628114368706008
0.47400000000000003 0.6877193881828172 0.771438133702699
0.47500000000000003 0.6829830271730102 0.7801631547840387
0.47600000000000003 0.6781665918420776 0.7889865503715865
0.47700000000000004 0.6732689131713466 0.7979082772354673
0.47800000000000004 0.6682888325395795 0.8069281921039644
0.47900000000000004 0.6632252043987034 0.8160460448208329
0.48 0.6580768991576714 0.825261471203081
0.481 0.6528428062744616 0.8345739856071025
0.482 0.6475218375732074 0.8439829731942753
0.483 0.6421129307943683 0.8534876819057916
0.484 0.6366150533946167 0.8630872141428916
0.485 0.6310272065976867 0.8727805181619537
0.486 0.6253484297093161 0.8825663791976445
0.487 0.6195778047150553 0.8924434103093162
0.488 0.613714461163292 0.9024100429792346
0.489 0.6077575813430759 0.912464517468706
0.49 0.6017064057669875 0.9226048729670684
0.491 0.5955602389736343 0.9328289375323572
0.492 0.5893184556520498 0.9431343178645527
0.493 0.5829805070908399 0.9535183889544305
0.494 0.5765459279672167 0.9639782836219748
0.495 0.5700143434734642 0.9745108820040818
0.496 0.5633854767864954 0.9851128010284848
0.497 0.5566591568837267 0.9957803839193037
0.498 0.5498353266986415 1.0065096898078076
0.499 0.5429140516073101 1.0172964835143194
0.5 0.5358955282582275 1.0281362255483162
0.501 0.5287800937157643 1.0390240624238178
0.502 0.5215682349185127 1.0499548173644098
0.503 0.5142605984209692 1.0609229814977754
0.504 0.5068580004107134 1.071922705631159
0.505 0.4993614369628955 1.0829477927011493
0.506 0.4917720945143783 1.0939916910282008
0.507 0.4840913605028848 1.1050474884832555
0.508 0.47632083413304843 1.1161079077013962
0.509 0.4684623372322324 1.1271653024334352
0.51 0.460517925118375 1.1382116552136232
0.511 0.45248989741874307 1.1492385764694577
0.512 0.44438080877843716 1.1602373052072874
0.513 0.4361934793529876 1.1711987114122087
0.514 0.42793100500515374 1.1821133003275917
0.515 0.419596766865471 1.1929712189776327
0.516 0.4111944407711375 1.2037622644268111
0.517 0.40272800653461793 1.2144758939059213
0.518 0.39420175501980115 1.225101238752872
0.519 0.38562029523096303 1.2356271199270745
0.52 0.37698856011631143 1.2460420665384075
0.521 0.36831181124695117 1.2563343369301685
0.522 0.3595956424219281 1.266491942275882
0.523 0.3508459805773282 1.2765026740366356
0.524 0.34206908562439664 1.286354133742908
0.525 0.33327154821422555 1.29603376585435
0.526 0.32446028507410674 1.3055288936484144
0.527 0.31564253209563603 1.3148267580928117
0.528 0.3068258345286753 1.3239145594751878
0.529 0.2980180345090402 1.3327795021294697
0.53 0.2892272549687955 1.3414088416906325
0.531 0.2804618810000941 1.349789934573795
0.532 0.2717305382242163 1.3579102893148958
0.533 0.2630420658107788 1.3657576213831253
0.534 0.25440548709716243 1.3733199085583827
0.535 0.24582997590509814 1.3805854481391358
0.536 0.23732481969250285 1.3875429150238179
0.537 0.22889937960206397 1.394181419645985
0.538 0.2205630447384182 1.4004905678917683
0.539 0.21232518487060997 1.4064605193340625
0.54 0.20419509971585548 1.412082044912014
0.541 0.1961819655576228 1.417346583363508
0.542 0.18829477971149988 1.4222462959114373
0.543 0.1805423034933274 1.4267741184216147
0.544 0.17293300430582237 1.4309238106445783
0.545 0.16547499774797259 1.4346900019632518
0.546 0.15817599054403503 1.4380682333597945
0.547 0.15104322522572228 1.4410549946614104
0.548 0.14408342756461595 1.4436477568169315
0.549 0.1373027576045297 1.445844998827122
0.55 0.1307067654675131 1.447646228940259
0.551 0.12430035268439033 1.4490519996549363
0.552 0.1180877398590931 1.4500639164158173
0.553 0.1120724414008008 1.4506846396486879
0.554 0.10625724784139806 1.4509178801222091
0.555 0.10064421609629043 1.4507683874950377
0.556 0.09523466785378593 1.4502419321250717
0.557 0.09002919605861293 1.4493452802057565
0.558 0.08502767926598781 1.4480861624114725
0.559 0.08022930345139517 1.4464732363025536
0.56 0.07563259069008449 1.444516042812916
0.561 0.07123543397334609 1.4422249572123111
0.562 0.06703513731364874 1.4396111349974061
0.5630000000000001 0.06302846020848829 1.436686453221956
0.5640000000000001 0.059211665487203746 1.433463447824834
0.5650000000000001 0.055580569553427106 1.4299552475535204
0.5660000000000001 0.05213059405710596 1.4261755051122496
0.5670000000000001 0.048856818079264286 1.4221383261834573
0.5680000000000001 0.04575402998535355 1.4178581969837447
0.5690000000000001 0.04281677819300167 1.4133499110164391
0.5700000000000001 0.040039420202563736 1.4086284956746296
0.5710000000000001 0.03741616934675995 1.4037091393326588
0.5720000000000001 0.034941138825674345 1.398607119537553
0.5730000000000001 0.03260838270016192 1.3933377328797092
0.5740000000000001 0.03041193361712563 1.387916227082094
0.5750000000000001 0.028345837131988794 1.3823577358017602
0.5760000000000001 0.026404182574423896 1.3766772165871657
0.577 0.024581130474338686 1.3708893923794938
0.578 0.02287093662088846 1.3650086968939295
0.579 0.021267972877522634 1.3590492241530685
0.58 0.01976674490980812 1.3530246823892889
0.581 0.018361907010481737 1.3469483524755874
0.582 0.017048274224108317 1.3408330509860826
0.583 0.015820831984295125 1.3346910979338122
0.584 0.014674743481180197 1.3285342891828493
0.585 0.013605354976174655 1.3223738734824504
0.586 0.01260819927643858 1.316220534028716
0.587 0.011678997573959626 1.3100843744187392
0.588 0.010813659844050527 1.3039749088282317
0.589 0.010008283986899236 1.2979010562128528
0.59 0.009259153882702764 1.2918711383090251
0.591 0.008562736518752001 1.2858928811888781
0.592 0.007915678333019815 1.2799734201090198
0.593 0.007314800905706242 1.2741193073806971
0.594 0.006757096118481354 1.2683365229814758
0.595 0.0062397208877706944 1.2626304876269328
0.596 0.005759991567932388 1.2570060780196972
0.597 0.005315378108743496 1.2514676439963557
0.598 0.0049034980422729135 1.2460190273010832
0.599 0.00452211036413025 1.2406635817212217
0.6 0.004169109366329804 1.235404194332762
0.601 0.0038425184707104876 1.2302433076152857
0.602 0.0035404841052036895 1.2251829422104705
0.603 0.0032612696584572443 1.2202247201128151
0.604 0.003003249542977926 1.215369888097426
0.605 0.002764903391625495 1.2106193412057418
0.606 0.002544810407678233 1.2059736461264368
0.607 0.002341643884786304 1.201433064325416
0.608 0.0021541659093643473 1.1969975747946229
0.609 0.0019812222549424052 1.1926668963055258
0.61 0.001821737475168117 1.1884405090682129
0.611 0.0016747101997291458 1.1843176757115454
0.612 0.0015392086355009993 1.180297461514001
0.613 0.0014143662732327145 1.1763787538274246
0.614 0.0012993777988422606 1.172560280648368
0.615 0.001193495206710804 1.1688406283028583
0.616 0.0010960241117433656 1.1652182582208093
0.617 0.0010063202556159223 1.1616915227854339
0.618 0.0009237862024052412 1.1582586802596173
0.619 0.0008478682174747898 1.154917908759901
0.62 0.0007780533240293042 1.1516673193242217
0.621 0.0007138665306671288 1.1485049680892214
0.622 0.0006548682231309888 1.1454288675565418
0.623 0.0006006517135417333 1.142436997002769
0.624 0.0005508409401924208 1.1395273120527012
0.625 0.0005050883109395388 1.1366977534459213
0.626 0.00046307268333772855 1.1339462550294082
0.627 0.0004244974745767349 1.1312707510350066
0.628 0.0003890888928633762 1.128669182586516
0.629 0.00035659428987894204 1.126139503611112
0.63 0.0003267806244431348 1.1236796860486016
0.631 0.0002994330221273711 1.121287724556419
0.632 0.00027435343429565995 1.1189616406006064
0.633 0.00025135940074583196 1.1166994860357937
0.634 0.00023028288661708363 1.1144993461902157
0.635 0.00021096920779567485 1.1123593425715568
0.636 0.00019327602981733527 1.1102776350783692
0.637 0.00017707243880576984 1.1082524238262428
0.638 0.00016223808898480074 1.1062819505062016
0.639 0.0001486623889119798 1.1043644998851216
0.64 0.0001362437652711601 1.1024984005267755
0.641 0.0001248889826774291 1.100682025385813
0.642 0.00011451249877530989 1.098913792284358
0.643 0.00010503586611421145 1.0971921641404394
0.644 9.63872038981517e-5 1.095515648760595
0.645 8.850066616988839e-5 1.0938827987634745
0.646 8.131596547433784e-5 1.0922922112809053
0.647 7.477792970994601e-5 1.0907425274213938
0.648 6.883607288132865e-5 1.0892324317258864
0.649 6.344419278048186e-5 1.0877606514839637
0.65 5.855998879256141e-5 1.0863259559497271
0.651 5.414469077053008e-5 1.0849271554996822
0.652 5.0162696552391584e-5 1.0835631007147992
0.653 4.658122440492907e-5 1.0822326814637904
0.654 4.3369971631568305e-5 1.0809348259732894
0.655 4.050078985406991e-5 1.0796684996461794
0.656 3.7947372950430935e-5 1.0784327041120745
0.657 3.568497518718905e-5 1.0772264761772243
0.658 3.369015729703939e-5 1.0760488867619489
0.659 3.194058445332715e-5 1.0748990398211986
0.66 3.0414883702589712e-5 1.0737760712513449
0.661 2.9092546336206837e-5 1.072679147900278
0.662 2.7953902124344676e-5 1.0716074664982895
0.663 2.6980140613586112e-5 1.0705602525735674
0.664 2.6153379585669434e-5 1.069536759491719
0.665 2.5456750171570786e-5 1.0685362675059988
0.666 2.487449033861111e-5 1.0675580826617759
0.667 2.439202575588162e-5 1.0666015358929062
0.668 2.3996031107420546e-5 1.06566598210985
0.669 2.3674452686917036e-5 1.064750799254444
0.67 2.3416499117523415e-5 1.0638553872911765
0.671 2.321260577786699e-5 1.062979168207166
0.672 2.3054372248254573e-5 1.062121584365564
0.673 2.2934480467917684e-5 1.061282097498461
0.674 2.2846599860015804e-5 1.0604601883389773
0.675 2.2785288609106225e-5 1.0596553558500321
0.676 2.274589442274877e-5 1.058867116524508
0.677 2.2724458468015296e-5 1.058095003672657
0.678 2.2717625304091715e-5 1.0573385667780562
0.679 2.2722560329813124e-5 1.0565973708307987
0.68 2.2736875933848655e-5 1.0558709957669061
0.681 2.2758565099756378e-5 1.055159035810005
0.682 2.2785944573167072e-5 1.0544610989619212
0.683 2.281760450678627e-5 1.0537768064235438
0.684 2.2852365746783843e-5 1.0531057921010172
0.685 2.2889243362744782e-5 1.0524477021223906
0.686 2.292741496517925e-5 1.051802194346469
0.687 2.2966194879014967e-5 1.0511689378973104
0.6880000000000001 2.300501114244069e-5 1.050547612746694
0.6890000000000001 2.3043387719245967e-5 1.0499379092701957
0.6900000000000001 2.3080927621932368e-5 1.049339527859179
0.6910000000000001 2.311730206711049e-5 1.0487521785493636
0.6920000000000001 2.3152234722656484e-5 1.048175580615077
0.6930000000000001 2.318549765578659e-5 1.0476094622434158
0.6940000000000001 2.3216901246181365e-5 1.0470535602298834
0.6950000000000001 2.3246288151479444e-5 1.0465076195958458
0.6960000000000001 2.3273527901601643e-5 1.0459713932857055
0.6970000000000001 2.3298512181080255e-5 1.0454446419095529
0.6980000000000001 2.332115150704972e-5 1.0449271333904715
0.6990000000000001 2.3341372178131703e-5 1.0444186429736824
0.7000000000000001 2.3359113359766592e-5 1.0439189525964458
0.7010000000000001 2.3374325285985265e-5 1.043427850731882
0.7020000000000001 2.338696749631941e-5 1.0429451321762058
0.7030000000000001 2.3397007277936588e-5 1.042470597871684
0.704 2.3404418393935256e-5 1.0420040546538878
0.705 2.3409179873035146e-5 1.0415453150819776
0.706 2.341127613525451e-5 1.041094197382608
0.707 2.3410695049519425e-5 1.0406505249443594
0.708 2.340742747641844e-5 1.0402141262301254
0.709 2.340146760237971e-5 1.039784834644533
0.71 2.339281167623719e-5 1.0393624883648283
0.711 2.3381458216342743e-5 1.0389469301761087
0.712 2.3367407575414223e-5 1.0385380073177857
0.713 2.335066179792733e-5 1.0381355713324307
0.714 2.3331224275613405e-5 1.0377394779215643
0.715 2.330909943409898e-5 1.0373495868057376
0.716 2.3284292886283087e-5 1.0369657615940386
0.717 2.3256811021610257e-5 1.036587869653434
0.718 2.322666128889983e-5 1.0362157819873903
0.719 2.319385204851976e-5 1.0358493731170884
0.72 2.315839217698068e-5 1.0354885209664182
0.721 2.3120289981970465e-5 1.0351331067567586
0.722 2.3079556534133516e-5 1.034783014895461
0.723 2.3036202390691596e-5 1.034438132878993
0.724 2.2990238573716848e-5 1.0340983511936603
0.725 2.2941676722509907e-5 1.0337635632215798
0.726 2.289052865578345e-5 1.033433665151663
0.727 2.2836806974124713e-5 1.0331085558907729
0.728 2.278052432491684e-5 1.032788136978924
0.729 2.2721693871796678e-5 1.032472312507715
0.73 2.26603290458538e-5 1.0321609890493142
0.731 2.2596443641442754e-5 1.0318540755734682
0.732 2.2530051960678588e-5 1.031551483375658
0.733 2.246116844933921e-5 1.0312531260084958
0.734 2.238980771845922e-5 1.0309589192143436
0.735 2.2315984649468046e-5 1.0306687808584247
0.736 2.223971463266583e-5 1.030382630866631
0.737 2.2161012958266113e-5 1.0301003911634585
0.738 2.2079895455107135e-5 1.0298219856149515
0.739 2.199637828070866e-5 1.0295473399702348
0.74 2.191047746097352e-5 1.0292763818079311
0.741 2.1822209403998816e-5 1.0290090404816408
0.742 2.1731590580886806e-5 1.0287452470695655
0.743 2.1638637751231204e-5 1.0284849343236864
0.744 2.1543367765830546e-5 1.0282280366245822
0.745 2.1445797798502753e-5 1.02797448993018
0.746 2.1345945590500737e-5 1.0277242317337227
0.747 2.124382836810046e-5 1.0274772010186766
0.748 2.113946326198768e-5 1.0272333382159395
0.749 2.1032868446901887e-5 1.026992585182032
0.75 2.0924061903848656e-5 1.0267548851371162
0.751 2.0813061642088737e-5 1.02652018262951
0.752 2.069988586189675e-5 1.026288423502109
0.753 2.058455280823379e-5 1.0260595548575335
0.754 2.0467080952102368e-5 1.025833525022892
0.755 2.034748868623426e-5 1.0256102835165815
0.756 2.0225794861494784e-5 1.0253897810151549
0.757 2.010201816582402e-5 1.025171969321546
0.758 1.9976177481451085e-5 1.0249568013358514
0.759 1.984829176199243e-5 1.0247442310253865
0.76 1.9718379935584895e-5 1.024534213395767
0.761 1.9586460936193983e-5 1.0243267044630764
0.762 1.9452554130605648e-5 1.0241216612269406
0.763 1.931667864479847e-5 1.0239190416444026
0.764 1.9178853929990858e-5 1.0237188046041037
0.765 1.9039099650175473e-5 1.023520909902082
0.766 1.8897434957476644e-5 1.023325318218874
0.767 1.8753878880339858e-5 1.0231319910984524
0.768 1.860845100848385e-5 1.0229408909214648
0.769 1.8461171235384377e-5 1.0227519808841699
0.77 1.8312058567726552e-5 1.0225652249787822
0.771 1.8161132661453916e-5 1.0223805879721122
0.772 1.8008413199432916e-5 1.0221980353863043
0.773 1.785391986747209e-5 1.022017533479876
0.774 1.769767211862172e-5 1.0218390492278686
0.775 1.7539689215584353e-5 1.02166255030203
0.776 1.7379990805532763e-5 1.021488005056908
0.777 1.721859663883496e-5 1.0213153825121604
0.778 1.705552668423982e-5 1.0211446523317498
0.779 1.6890800398627892e-5 1.0209757848133585
0.78 1.6724437232495948e-5 1.0208087508693926
0.781 1.6556456680805187e-5 1.0206435220127787
0.782 1.6386878112784053e-5 1.020480070341228
0.783 1.6215721007406536e-5 1.0203183685238513
0.784 1.6043004701316033e-5 1.0201583897849529
0.785 1.5868748794556353e-5 1.020000107892408
0.786 1.56929727855859e-5 1.0198434971448023
0.787 1.5515695785284223e-5 1.0196885323561071
0.788 1.5336936940946178e-5 1.0195351888441697
0.789 1.515671522883677e-5 1.0193834424187382
0.79 1.4975050375232168e-5 1.0192332693728208
0.791 1.4791961561289035e-5 1.0190846464673016
0.792 1.4607468106664356e-5 1.0189375509214054
0.793 1.442158881476141e-5 1.018791960398537
0.794 1.4234342740504502e-5 1.0186478529970229
0.795 1.4045748655044932e-5 1.0185052072465794
0.796 1.3855825417463663e-5 1.0183640020893254
0.797 1.366459202384318e-5 1.0182242168720814
0.798 1.347206724994221e-5 1.0180858313358045
0.799 1.3278269506089568e-5 1.017948825615418
0.8 1.3083217416220982e-5 1.01781318022071
0.801 1.2886929386113355e-5 1.017678876028764
0.802 1.2689424315481812e-5 1.0175458942790085
0.803 1.2490720503133268e-5 1.0174142165673985
0.804 1.2290835852857285e-5 1.017283824831839
0.805 1.208978809130734e-5 1.0171547013465174
0.806 1.1887595626369762e-5 1.0170268287130348
0.807 1.1684276293222329e-5 1.0169001898571608
0.808 1.1479848265161241e-5 1.0167747680172288
0.809 1.1274329342114697e-5 1.0166505467395976
0.81 1.1067737201109207e-5 1.0165275098707027
0.811 1.0860089574293852e-5 1.0164056415503917
0.812 1.0651404028227951e-5 1.01628492620426
0.8130000000000001 1.0441698083729634e-5 1.016165348539353
0.8140000000000001 1.0230989064163865e-5 1.0160468935381104
0.8150000000000001 1.0019294123919664e-5 1.015929546450476
0.8160000000000001 9.806630585917908e-6 1.0158132927891945
0.8170000000000001 9.593015086184487e-6 1.015698118323392
0.8180000000000001 9.378464919385099e-6 1.0155840090728818
0.8190000000000001 9.162997275047324e-6 1.0154709513029505
0.8200000000000001 8.946629325490285e-6 1.0153589315206444
0.8210000000000001 8.729377078076084e-6 1.0152479364675686
0.8220000000000001 8.511257134802275e-6 1.0151379531145608
0.8230000000000001 8.292285655742138e-6 1.0150289686561482
0.8240000000000001 8.07247885437068e-6 1.0149209705079754
0.8250000000000001 7.851853292495381e-6 1.0148139463023893
0.8260000000000001 7.630425339411051e-6 1.0147078838812407
0.8270000000000001 7.408210644432867e-6 1.0146027712928567
0.8280000000000001 7.185225096739689e-6 1.0144985967886446
0.8290000000000001 6.961484495859871e-6 1.0143953488179749
0.8300000000000001 6.737004373147393e-6 1.0142930160236032
0.8310000000000001 6.511800303643511e-6 1.0141915872372371
0.8320000000000001 6.285887592605288e-6 1.0140910514780193
0.833 6.059281459969146e-6 1.0139913979458097
0.834 5.831997315242088e-6 1.0138926160187283
0.835 5.6040500586163056e-6 1.0137946952489334
0.836 5.375454811162861e-6 1.0136976253589867
0.837 5.146226379204588e-6 1.0136013962400625
0.838 4.916379731434439e-6 1.013505997947645
0.839 4.6859291745193765e-6 1.0134114206973683
0.84 4.4548894697071795e-6 1.0133176548605574
0.841 4.223274689463263e-6 1.0132246909639735
0.842 3.991099080113969e-6 1.0131325196853886
0.843 3.758376846851874e-6 1.0130411318501058
0.844 3.5251224543841886e-6 1.0129505184288616
0.845 3.291349709222402e-6 1.0128606705345164
0.846 3.057072164247554e-6 1.0127715794190995
0.847 2.8223036044883187e-6 1.012683236471254
0.848 2.587057621350475e-6 1.012595633214382
0.849 2.3513474244341026e-6 1.0125087613018675
0.85 2.115186391593582e-6 1.0124226125160285
0.851 1.8785877453630917e-6 1.0123371787657451
0.852 1.6415645366918419e-6 1.012252452083614
0.853 1.4041296548250592e-6 1.0121684246239762
0.854 1.1662958770974896e-6 1.012085088660326
0.855 9.280761232854928e-7 1.0120024365821314
0.856 6.894829334136432e-7 1.0119204608938626
0.857 4.505286139711018e-7 1.0118391542110692
0.858 2.1122577997800818e-7 1.0117585092607184
0.859 2.841374663331564e-8 1.0116785188769184
0.86 2.6837642602695055e-7 1.0115991759986904
0.861 5.086512963048406e-7 1.0115204736717536
0.862 7.492267398712116e-7 1.0114424050420563
0.863 9.900908967686028e-7 1.0113649633562762
0.864 1.231231828935364e-6 1.0112881419596418
0.865 1.4726386362573507e-6 1.011211934290093
0.866 1.7142987454032976e-6 1.0111363338871644
0.867 1.956201255814971e-6 1.0110613343811992
0.868 2.1983348812981696e-6 1.0109869294919096
0.869 2.440688474159014e-6 1.0109131130287585
0.87 2.683251160040534e-6 1.0108398788898816
0.871 2.9260119752683167e-6 1.0107672210592356
0.872 3.1689600124562567e-6 1.0106951336052912
0.873 3.41208466902998e-6 1.010623610680296
0.874 3.6553753357537744e-6 1.0105526465175978
0.875 3.8988214150492695e-6 1.0104822354307883
0.876 4.142412786067862e-6 1.0104123718125677
0.877 4.386138922896077e-6 1.0103430501327935
0.878 4.629989922788624e-6 1.0102742649373404
0.879 4.8739557408361556e-6 1.0102060108469337
0.88 5.118026379036245e-6 1.0101382825553853
0.881 5.362192059377158e-6 1.0100710748283042
0.882 5.606443001515693e-6 1.0100043825023268
0.883 5.850769794368826e-6 1.009938200483277
0.884 6.095162646102548e-6 1.0098725237449946
0.885 6.339612214967261e-6 1.009807347328454
0.886 6.584109338514388e-6 1.0097426663403741
0.887 6.828644746270651e-6 1.0096784759549478
0.888 7.073209411234682e-6 1.0096147714096437
0.889 7.317794462502469e-6 1.0095515480035147
0.89 7.562390933357754e-6 1.0094888010979712
0.891 7.806989973435652e-6 1.00942652611348
0.892 8.051582703783033e-6 1.0093647185287389
0.893 8.296160775633776e-6 1.009303373884901
0.894 8.540715535465537e-6 1.009242487777697
0.895 8.78523910208262e-6 1.0091820558643665
0.896 9.029723025133496e-6 1.0091220738519526
0.897 9.274159320893371e-6 1.009062537504002
0.898 9.51853965774907e-6 1.0090034426381669
0.899 9.762855960160355e-6 1.0089447851230335
0.9 1.0007100432807281e-5 1.0088865608817057
0.901 1.025126501164042e-5 1.0088287658865445
0.902 1.0495342216421122e-5 1.008771396163104
0.903 1.073932442974268e-5 1.008714447785178
0.904 1.0983203951542286e-5 1.0086579168745335
0.905 1.1226973400724205e-5 1.0086017996014758
0.906 1.1470625481346808e-5 1.008546092183112
0.907 1.1714152851449722e-5 1.0084907908833416
0.908 1.1957548267382823e-5 1.008435892011153
0.909 1.2200804819728628e-5 1.0083813919213727
0.91 1.2443915652471382e-5 1.0083272870120932
0.911 1.2686873718026348e-5 1.0082735737251667
0.912 1.29296722954364e-5 1.008220248545142
0.913 1.3172304482056418e-5 1.0081673079985334
0.914 1.3414763072427949e-5 1.008114748652266
0.915 1.3657041840808848e-5 1.0080625671156989
0.916 1.3899134563177817e-5 1.0080107600391004
0.917 1.4141035022008364e-5 1.0079593241111222
0.918 1.4382736810203411e-5 1.0079082560594685
0.919 1.4624233813875787e-5 1.0078575526505082
0.92 1.486551981333406e-5 1.0078072106873837
0.921 1.5106588759195017e-5 1.0077572270119115
0.922 1.534743459497001e-5 1.0077075985009394
0.923 1.5588051643311562e-5 1.0076583220687259
0.924 1.5828434129727675e-5 1.0076093946645788
0.925 1.6068576394079326e-5 1.0075608132717855
0.926 1.630847286154813e-5 1.0075125749092897
0.927 1.6548117808934393e-5 1.007464676630715
0.928 1.6787505673465652e-5 1.0074171155226908
0.929 1.7026630844130253e-5 1.0073698887042777
0.93 1.7265488085338454e-5 1.0073229933266685
0.931 1.750407206368987e-5 1.0072764265730652
0.932 1.774237771401399e-5 1.0072301856578925
0.933 1.7980399991734952e-5 1.0071842678270724
0.934 1.8218133763181488e-5 1.0071386703574075
0.935 1.8455573996101204e-5 1.0070933905560122
0.936 1.8692715894774725e-5 1.0070484257590284
0.937 1.8929554561897266e-5 1.0070037733319048
0.9380000000000001 1.9166085276356437e-5 1.0069594306691538
0.9390000000000001 1.940230331376469e-5 1.0069153951935994
0.9400000000000001 1.963820403716454e-5 1.006871664356011
0.9410000000000001 1.9873782964363595e-5 1.0068282356348048
0.9420000000000001 2.0109035674953368e-5 1.0067851065356586
0.9430000000000001 2.0343957785440292e-5 1.0067422745910426
0.9440000000000001 2.057854491149813e-5 1.0066997373599362
0.9450000000000001 2.0812792830893212e-5 1.0066574924273113
0.9460000000000001 2.1046697264603953e-5 1.0066155374037808
0.9470000000000001 2.1280254082378658e-5 1.006573869925525
0.9480000000000001 2.151345920742287e-5 1.0065324876534663
0.9490000000000001 2.1746308696668493e-5 1.0064913882730766
0.9500000000000001 2.1978798537269917e-5 1.0064505694945165
0.9510000000000001 2.22109249347624e-5 1.0064100290519307
0.9520000000000001 2.244268389040016e-5 1.0063697647031902
0.9530000000000001 2.2674071650519156e-5 1.006329774229168
0.9540000000000001 2.290508446445294e-5 1.0062900554339864
0.9550000000000001 2.3135718612510292e-5 1.0062506061441814
0.9560000000000001 2.3365970591326946e-5 1.006211424208855
0.9570000000000001 2.359583682493005e-5 1.0061725074990884
0.9580000000000001 2.3825313886727262e-5 1.0061338539077453
0.9590000000000001 2.405439826291822e-5 1.0060954613491733
0.96 2.4283086516141417e-5 1.0060573277589677
0.961 2.451137548020732e-5 1.0060194510936598
0.962 2.4739261953621305e-5 1.0059818293300882
0.963 2.4966742754484184e-5 1.005944460465982
0.964 2.519381471460802e-5 1.0059073425187726
0.965 2.5420474667525728e-5 1.0058704735256976
0.966 2.5646719671257312e-5 1.0058338515438654
0.967 2.5872546729421853e-5 1.0057974746493348
0.968 2.6097952994019735e-5 1.0057613409376025
0.969 2.6322935647526968e-5 1.0057254485230558
0.97 2.654749184005656e-5 1.0056897955384783
0.971 2.677161887104651e-5 1.0056543801350042
0.972 2.6995313937683285e-5 1.0056192004817421
0.973 2.7218574380705185e-5 1.0055842547656362
0.974 2.744139756843955e-5 1.0055495411912794
0.975 2.7663781001718846e-5 1.0055150579806509
0.976 2.788572217765628e-5 1.0054808033729046
0.977 2.8107218577821946e-5 1.0054467756243193
0.978 2.832826780319042e-5 1.0054129730080432
0.979 2.854886756309405e-5 1.0053793938134883
0.98 2.876901542286925e-5 1.0053460363462592
0.981 2.8988709174726512e-5 1.005312898928324
0.982 2.920794656058323e-5 1.0052799798975587
0.983 2.9426725310199853e-5 1.0052472776076453
0.984 2.9645043391035575e-5 1.0052147904276936
0.985 2.9862898418553385e-5 1.0051825167423523
0.986 3.008028906081872e-5 1.0051504549514834
0.987 3.0297213074292895e-5 1.0051186034691852
0.988 3.0513668554332796e-5 1.005086960724927
0.989 3.072965336808897e-5 1.0050555251622453
0.99 3.094516552509807e-5 1.0050242952394195
0.991 3.116020327026403e-5 1.0049932694296129
0.992 3.1374764747127415e-5 1.004962446219554
0.993 3.158884821768959e-5 1.0049318241100476
0.994 3.180245202666354e-5 1.0049014016154725
0.995 3.201557444798553e-5 1.004871177263823
0.996 3.2228213852958376e-5 1.0048411495965812
0.997 3.244036868910172e-5 1.0048113171685005
0.998 3.26520374657191e-5 1.0047816785473276
0.999 3.286321872830733e-5 1.0047522323138827
1.0 3.307391082590927e-5 1.0047229770615735
