0.001 0.999999950326585 7.120155369012309e-7
0.002 0.9999996745560975 4.202927203982794e-6
0.003 0.9999991334829162 1.0501750880289837e-5
0.004 0.9999983250428586 1.9415999187982536e-5
0.005 0.9999972472172979 3.082783370683106e-5
0.006 0.9999958979539192 4.4653425926928324e-5
0.007 0.9999942751776464 6.082865594958656e-5
0.008 0.9999923767936603 7.93023150443089e-5
0.009000000000000001 0.9999902006882216 0.0001000323173535586
0.01 0.9999877447289918 0.00012298336733592753
0.011 0.9999850067649702 0.00014812542067347393
0.012 0.9999819846264449 0.00017543261514332676
0.013000000000000001 0.9999786761248357 0.00020488249804481658
0.014 0.9999750790525542 0.00023645544979381935
0.015 0.9999711911827794 0.00027013424278448316
0.016 0.9999670102693525 0.0003059036961757005
0.017 0.9999625340465159 0.00034375040109231055
0.018000000000000002 0.9999577602287504 0.00038366249813095066
0.019 0.9999526865105852 0.0004256294948860946
0.02 0.9999473105663541 0.00046964211457093107
0.021 0.9999416300500588 0.0005156921688899894
0.022 0.9999356425951018 0.000563772450628496
0.023 0.9999293458141021 0.0006138766417849032
0.024 0.9999227372986627 0.0006659992346381733
0.025 0.9999158146191934 0.0007201354632984298
0.026000000000000002 0.9999085753246568 0.000776281244189161
0.027 0.9999010169423549 0.0008344331238277056
0.028 0.9998931369777221 0.0008945882328212815
0.029 0.9998849329140836 0.0009567442452101642
0.03 0.999876402212421 0.001020899342319203
0.031 0.9998675423111794 0.001087052180443095
0.032 0.9998583506259653 0.001155201862058196
0.033 0.9998488245493723 0.0012253479097648725
0.034 0.9998389614507219 0.00129749024292632
0.035 0.9998287586757953 0.00137162915655731
0.036000000000000004 0.999818213546633 0.001447765302079476
0.037 0.999807323361226 0.0015258996699781776
0.038 0.9997960853933577 0.0016060335737960857
0.039 0.9997844968922266 0.0016881686358445518
0.04 0.9997725550822832 0.0017723067737508463
0.041 0.9997602571629535 0.0018584501883559337
0.042 0.9997476003083158 0.0019466013526579454
0.043000000000000003 0.9997345816669259 0.002036763001427246
0.044 0.9997211983614801 0.0021289381218178513
0.045 0.9997074474885301 0.0022231299446880738
0.046 0.9996933261182853 0.0023193419364411294
0.047 0.9996788312942377 0.002417577791704778
0.048 0.9996639600329479 0.002517841426364962
0.049 0.9996487093237005 0.0026201369712416573
0.05 0.9996330761282788 0.002724468766072626
0.051000000000000004 0.9996170573806447 0.0028308413540543164
0.052000000000000005 0.9996006499865849 0.0029392594768319433
0.053 0.9995838508235121 0.0030497280696212153
0.054 0.9995666567400588 0.0031622522569687006
0.055 0.999549064555832 0.003276837348550688
0.056 0.9995310710610489 0.003393488835429312
0.057 0.9995126730162828 0.0035122123864048146
0.058 0.9994938671520867 0.0036330138448004952
0.059000000000000004 0.999474650168707 0.0037558992253298234
0.06 0.9994550187357176 0.0038808747112995773
0.061 0.9994349694917062 0.004007946651920658
0.062 0.9994144990439718 0.004137121559788699
0.063 0.9993936039681084 0.004268406108703439
0.064 0.9993722808077082 0.004401807131425545
0.065 0.9993505260740143 0.004537331617720979
0.066 0.9993283362455506 0.004674986712546834
0.067 0.9993057077677583 0.004814779714351154
0.068 0.9992826370526433 0.00495671807349249
0.069 0.9992591204784061 0.0051008093907868365
0.07 0.99923515438905 0.0052470614161969215
0.07100000000000001 0.9992107350940582 0.005395482047510882
0.07200000000000001 0.9991858588679368 0.005546079329342817
0.073 0.999160521949875 0.005698861452030857
0.074 0.999134720543351 0.005853836750701099
0.075 0.9991084508157128 0.006011013704457911
0.076 0.9990817088977866 0.006170400935596303
0.077 0.9990544908834839 0.006332007208897358
0.078 0.999026792829355 0.006495841431063446
0.079 0.9989986107542144 0.006661912650125273
0.08 0.9989699406386799 0.00683023005502429
0.081 0.9989407784247517 0.007000802975198422
0.082 0.9989111200153904 0.007173640880232958
0.083 0.9988809612741015 0.007348753379542358
0.084 0.9988502980243745 0.007526150222328059
0.085 0.9988191260494005 0.007705841297165772
0.08600000000000001 0.9987874410914915 0.007887836632082333
0.08700000000000001 0.998755238851643 0.008072146394455894
0.088 0.9987225149891078 0.008258780890970607
0.089 0.9986892651208644 0.00844775056772711
0.09 0.9986554848211548 0.00863906601031082
0.091 0.9986211696210311 0.008832737943888962
0.092 0.9985863150077884 0.00902877723349305
0.093 0.9985509164245268 0.009227194884155911
0.094 0.9985149692696355 0.009428002041193036
0.095 0.9984784688962136 0.00963120999060831
0.096 0.9984414106116623 0.009836830159287565
0.097 0.998403789677056 0.01004487411552937
0.098 0.9983656013066421 0.010255353569417423
0.099 0.9983268406673456 0.010468280373226415
0.1 0.9982875028780946 0.01068366652209506
0.101 0.9982475830094169 0.010901524154351243
0.10200000000000001 0.9982070760827688 0.011121865552224518
0.10300000000000001 0.9981659770700088 0.011344703142399286
0.10400000000000001 0.9981242808927978 0.011570049496680817
0.105 0.9980819824220036 0.01179791733267853
0.106 0.9980390764771611 0.012028319514433183
0.107 0.9979955578257976 0.012261269053248133
0.108 0.9979514211828453 0.012496779108432906
0.109 0.9979066612100689 0.01273486298802877
0.11 0.9978612725153667 0.012975534149760309
0.111 0.997815249652147 0.013218806201854888
0.112 0.9977685871187459 0.013464692903853734
0.113 0.9977212793576961 0.013713208167645593
0.114 0.9976733207551003 0.013964366058361738
0.115 0.9976247056399423 0.014218180795382472
0.116 0.9975754282834387 0.01447466675330618
0.117 0.9975254828983129 0.01473383846302411
0.11800000000000001 0.9974748636380951 0.014995710612806962
0.11900000000000001 0.9974235645964481 0.015260298049324175
0.12 0.9973715798064077 0.015527615778836866
0.121 0.9973189032396426 0.015797678968450156
0.122 0.9972655288057886 0.016070502947045415
0.123 0.9972114503516231 0.016346103206645923
0.124 0.997156661660342 0.016624495403652323
0.125 0.9971011564507658 0.016905695360100725
0.126 0.9970449283766015 0.017189719064895477
0.127 0.9969879710255494 0.017476582675307505
0.128 0.9969302779186322 0.017766302518111822
0.129 0.9968718425092895 0.018058895091115933
0.13 0.996812658182582 0.018354377064485006
0.131 0.996752718254322 0.018652765282257244
0.132 0.9966920159702876 0.018954076763727234
0.133 0.9966305445052835 0.019258328705024984
0.134 0.9965682969623361 0.019565538480552053
0.135 0.9965052663717523 0.019875723644613597
0.136 0.9964414456902345 0.020188901932973905
0.137 0.996376827800005 0.020505091264426845
0.138 0.9963114055078317 0.020824309742501483
0.139 0.9962451715440938 0.021146575657126198
0.14 0.9961781185618672 0.02147190748627608
0.14100000000000001 0.9961102391359538 0.02180032389770848
0.14200000000000002 0.9960415257618233 0.0221318437508391
0.14300000000000002 0.9959719708547211 0.022466486098395157
0.14400000000000002 0.9959015667486466 0.02280427018824654
0.145 0.9958303056952234 0.023145215465422517
0.146 0.9957581798628035 0.023489341573780458
0.147 0.9956851813353464 0.023836668358038514
0.148 0.9956113021113312 0.024187215865740196
0.149 0.9955365341027125 0.024541004349179368
0.15 0.9954608691338175 0.024898054267424367
0.151 0.9953842989402115 0.02525838628838738
0.152 0.9953068151675639 0.025622021290906988
0.153 0.9952284093705341 0.025988980366816492
0.154 0.9951490730115579 0.026359284823153844
0.155 0.9950687974597263 0.02673295618425866
0.156 0.9949875739895113 0.027110016194088083
0.157 0.994905393779606 0.027490486818392494
0.158 0.9948222479116924 0.027874390246993234
0.159 0.9947381273691204 0.0282617488962021
0.16 0.9946530230357182 0.028652585411055632
0.161 0.9945669256944295 0.02904692266781724
0.162 0.9944798260260861 0.02944478377628379
0.163 0.9943917146079728 0.029846192082412282
0.164 0.9943025819125508 0.03025117117071487
0.165 0.9942124183060849 0.030659744866806938
0.166 0.9941212140472365 0.03107193724001928
0.167 0.9940289592856324 0.03148777260604948
0.168 0.9939356440604435 0.031907275529605636
0.169 0.9938412582989666 0.03233047082705805
0.17 0.9937457918150883 0.03275738356927271
0.171 0.9936492343078207 0.03318803908433723
0.17200000000000001 0.9935515753597743 0.03362246296042572
0.17300000000000001 0.9934528044356136 0.03406068104865773
0.17400000000000002 0.9933529108804613 0.03450271946603443
0.17500000000000002 0.993251883918355 0.03494860459834722
0.176 0.9931497126505807 0.03539836310322358
0.177 0.9930463860540626 0.0358520219131744
0.178 0.9929418929796836 0.03630960823866762
0.179 0.9928362221505913 0.036771149571291094
0.18 0.9927293621604646 0.03723667368696374
0.181 0.9926213014718023 0.037706208649123545
0.182 0.992512028414098 0.038179782812082674
0.183 0.992401531182106 0.03865742482425775
0.184 0.9922897978339426 0.039139163631667674
0.185 0.9921768162893005 0.039625028481268705
0.186 0.9920625743274627 0.040115048924586394
0.187 0.9919470595854972 0.040609254821084774
0.188 0.9918302595562288 0.041107676341898186
0.189 0.9917121615863151 0.041610343973387566
0.19 0.9915927528741735 0.042117288520937185
0.191 0.9914720204680505 0.0426285411125626
0.192 0.9913499512637978 0.043144133202958936
0.193 0.9912265320029193 0.043664096577114855
0.194 0.9911017492703286 0.044188463354425105
0.195 0.990975589492183 0.04471726599266476
0.196 0.9908480389337813 0.04525053729185879
0.197 0.9907190836971979 0.04578831039862271
0.198 0.9905887097190162 0.04633061881031303
0.199 0.9904569027681105 0.046877496379050095
0.2 0.9903236484432223 0.04742897731618616
0.201 0.9901889321705387 0.04798509619669619
0.202 0.9900527392013283 0.04854588796357055
0.203 0.9899150546094431 0.04911138793227271
0.20400000000000001 0.989775863288832 0.049681631795292794
0.20500000000000002 0.9896351499509504 0.05025665562690121
0.20600000000000002 0.9894928991221908 0.050836495887769874
0.20700000000000002 0.9893490951412653 0.05142118942972478
0.20800000000000002 0.9892037221565269 0.052010773500652176
0.209 0.9890567641232133 0.052605285749447346
0.21 0.9889082048007279 0.053204764230935495
0.211 0.9887580277501036 0.05380924741204923
0.212 0.988606216330249 0.05441877417388102
0.213 0.9884527536959636 0.05503338381995777
0.214 0.9882976227946455 0.05565311608056243
0.215 0.9881408063633632 0.056278011118066525
0.216 0.9879822869257062 0.05690810953254731
0.217 0.9878220467887934 0.057543452367179476
0.218 0.9876600680400371 0.058184081114002216
0.219 0.9874963325439656 0.0588300377196175
0.22 0.9873308219389851 0.059481364590976235
0.221 0.9871635176340328 0.060138104601377126
0.222 0.986994400805219 0.060800301096401235
0.223 0.9868234523924263 0.06146799790001398
0.224 0.9866506530957935 0.062141239320785815
0.225 0.9864759833721473 0.06282007015821962
0.226 0.9862994234314894 0.0635045357090148
0.227 0.986120953233251 0.06419468177370498
0.228 0.985940552482597 0.06489055466311211
0.229 0.9857582006266072 0.06559220120513806
0.23 0.9855738768504941 0.06629966875146036
0.231 0.9853875600736088 0.06701300518452669
0.232 0.9851992289454798 0.067732258924539
0.233 0.9850088618417608 0.06845747893656372
0.234 0.9848164368600549 0.06918871473785625
0.23500000000000001 0.984621931815819 0.06992601640502571
0.23600000000000002 0.9844253242379952 0.07066943458164697
0.23700000000000002 0.9842265913647203 0.07141902048575913
0.23800000000000002 0.9840257101388841 0.07217482591763026
0.23900000000000002 0.9838226572036339 0.07293690326754036
0.24 0.9836174088978483 0.07370530552367038
0.241 0.9834099412513767 0.07448008628034966
0.242 0.9832002299803726 0.07526129974618306
0.243 0.9829882504824794 0.07604900075232389
0.244 0.9827739778319038 0.07684324476098692
0.245 0.9825573867744306 0.07764408787403654
0.246 0.9823384517223184 0.07845158684179043
0.247 0.9821171467492069 0.079265799071787
0.248 0.9818934455847543 0.08008678263795527
0.249 0.9816673216093356 0.08091459628971127
0.25 0.9814387478485918 0.08174929946127273
0.251 0.9812076969678707 0.08259095228116625
0.252 0.9809741412665849 0.08343961558181902
0.253 0.9807380526724734 0.08429535090931975
0.254 0.9804994027357562 0.08515822053340154
0.255 0.9802581626231165 0.08602828745755707
0.256 0.9800143031117389 0.08690561542926713
0.257 0.9797677945830264 0.08779026895046388
0.258 0.9795186070164015 0.0886823132881204
0.259 0.9792667099829001 0.08958181448493818
0.26 0.9790120726385677 0.09048883937055074
0.261 0.9787546637179251 0.09140345557239288
0.262 0.9784944515271908 0.09232573152713378
0.263 0.9782314039373096 0.09325573649230298
0.264 0.9779654883771162 0.09419354055773038
0.265 0.9776966718260298 0.09513921465765025
0.266 0.9774249208069501 0.09609283058257095
0.267 0.977150201378736 0.09705446099170477
0.268 0.9768724791287374 0.09802417942541773
0.269 0.9765917191650725 0.09900206031798668
0.27 0.9763078861088513 0.09998817901037314
0.271 0.9760209440861992 0.10098261176350994
0.272 0.9757308567200881 0.10198543577160504
0.273 0.9754375871221977 0.10299672917552016
0.274 0.9751410978843724 0.10401657107678118
0.275 0.9748413510701557 0.10504504155142466
0.276 0.9745383082059702 0.1060822216643763
0.277 0.9742319302723011 0.1071281934838121
0.278 0.9739221776944879 0.10818304009616125
0.279 0.9736090103336775 0.10924684562072776
0.28 0.9732923874772185 0.11031969522527452
0.281 0.9729722678292214 0.1114016751411891
0.28200000000000003 0.9726486095006762 0.1124928726795922
0.28300000000000003 0.972321369999595 0.11359337624697524
0.28400000000000003 0.9719905062207955 0.11470327536164049
0.28500000000000003 0.9716559744355905 0.1158226606703427
0.28600000000000003 0.9713177302811882 0.1169516239650827
0.28700000000000003 0.9709757287500617 0.11809025820013892
0.28800000000000003 0.9706299241788604 0.11923865750972112
0.289 0.9702802702373319 0.12039691722550026
0.29 0.969926719916947 0.12156513389467664
0.291 0.9695692255192477 0.12274340529833917
0.292 0.969207738644148 0.1239318304699453
0.293 0.9688422101777305 0.12513050971449577
0.294 0.9684725902800564 0.12633954462770516
0.295 0.9680988283726216 0.1275590381156035
0.296 0.9677208731255844 0.12878909441448874
0.297 0.9673386724447893 0.13002981911112005
0.298 0.9669521734584134 0.13128131916349922
0.299 0.9665613225035304 0.13254370292166343
0.3 0.9661660651123116 0.1338170801490681
0.301 0.9657663459978263 0.13510156204446014
0.302 0.9653621090398578 0.13639726126373983
0.303 0.9649532972701863 0.13770429194250292
0.304 0.9645398528576962 0.13902276971884117
0.305 0.9641217170931857 0.14035281175657535
0.306 0.9636988303737343 0.14169453676905977
0.307 0.9632711321871267 0.14304806504267706
0.308 0.9628385610954994 0.14441351846165182
0.309 0.9624010547189269 0.14579102053282889
0.31 0.9619585497187051 0.14718069641098505
0.311 0.9615109817801745 0.1485826729245924
0.312 0.961058285595171 0.1499970786019973
0.313 0.9606003948443903 0.15142404369775783
0.314 0.960137242179128 0.15286370021984572
0.315 0.9596687592026883 0.15431618195719954
0.316 0.9591948764515597 0.1557816245075173
0.317 0.9587155233760812 0.15726016530589573
0.318 0.9582306283207453 0.15875194365365206
0.319 0.9577401185040949 0.1602571007478997
0.32 0.9572439199982626 0.16177577971136964
0.321 0.9567419577080664 0.1633081256227495
0.322 0.9562341553497059 0.16485428554776463
0.323 0.955720435428988 0.16641440857047657
0.324 0.955200719219065 0.1679886458254577
0.325 0.9546749267378856 0.1695771505301087
0.326 0.9541429767249325 0.171180078018024
0.327 0.9536047866177447 0.1727975857723519
0.328 0.9530602725277266 0.17442983346025004
0.329 0.9525093492156699 0.1760769829674953
0.33 0.951951930066681 0.1777391984337531
0.331 0.9513879270645399 0.17941664628866855
0.332 0.9508172507656374 0.18110949528821646
0.333 0.950239810272308 0.18281791655188853
0.334 0.9496555132055879 0.18454208360054147
0.335 0.9490642656775085 0.18628217239468675
0.336 0.948465972262731 0.18803836137340504
0.337 0.9478605359696588 0.18981083149391345
0.338 0.9472478582109324 0.19159976627196076
0.339 0.9466278387732011 0.19340535182277693
0.34 0.9460003757865483 0.19522777690240165
0.341 0.9453653656929207 0.19706723295013406
0.342 0.9447227032143426 0.1989239141310189
0.343 0.944072281319924 0.20079801737999778
0.34400000000000003 0.9434139911928174 0.20268974244545268
0.34500000000000003 0.9427477221958463 0.20459929193478987
0.34600000000000003 0.9420733618369315 0.20652687135968184
0.34700000000000003 0.941390795733627 0.20847268918230222
0.34800000000000003 0.9406999075768218 0.21043695686243835
0.34900000000000003 0.9400005790938204 0.2124198889052851
0.35000000000000003 0.9392926900105302 0.2144217029099093
0.35100000000000003 0.9385761180130109 0.2164426196183112
0.352 0.9378507387081774 0.2184828629652981
0.353 0.9371164255836087 0.22054266012919843
0.354 0.9363730499666925 0.22262224158302413
0.355 0.935620480982746 0.22472184114662275
0.356 0.9348585855123911 0.22684169603931933
0.357 0.9340872281479508 0.228982046933715
0.358 0.9333062711490724 0.23114313800970251
0.359 0.9325155743973985 0.23332521700932674
0.36 0.9317149953502077 0.23552853529269357
0.361 0.9309043889932694 0.23775334789400646
0.362 0.9300836077925895 0.2399999135790614
0.363 0.9292525016451337 0.2422684949029489
0.364 0.9284109178288202 0.24455935826846148
0.365 0.9275587009511167 0.24687277398547858
0.366 0.9266956928968287 0.24920901633079556
0.367 0.9258217327747067 0.25156836360891266
0.368 0.9249366568632775 0.25395109821271644
0.369 0.9240402985551497 0.2563575066858781
0.37 0.9231324883003854 0.25878787978516693
0.371 0.9222130535488228 0.2612425125435881
0.372 0.9212818186909901 0.2637217043342909
0.373 0.9203386049982791 0.2662257589345067
0.374 0.9193832305614159 0.26875498459070035
0.375 0.9184155102280934 0.2713096940836474
0.376 0.9174352555392218 0.27389020479447085
0.377 0.9164422746638502 0.27649683877093967
0.378 0.9154363723328902 0.2791299227942315
0.379 0.9144173497717826 0.28178978844577274
0.38 0.9133850046314671 0.28447677217485723
0.381 0.9123391309181949 0.28719121536636555
0.382 0.9112795189221022 0.2899334644086859
0.383 0.9102059551444283 0.29270387076172366
0.384 0.9091182222230447 0.29550279102544674
0.385 0.9080160988568633 0.2983305870080911
0.386 0.9068993597288098 0.3011876257947247
0.387 0.9057677754274833 0.30407427981512314
0.388 0.9046211123672615 0.3069909269120665
0.389 0.9034591327067778 0.3099379504093083
0.39 0.9022815942662851 0.31291573917911225
0.391 0.9010882504433458 0.3159246877093503
0.392 0.8998788501271804 0.31896519617005586
0.393 0.8986531376114234 0.32203767047935544
0.394 0.8974108525054257 0.3251425223688766
0.395 0.8961517296440915 0.32828016944779986
0.396 0.8948754989964498 0.33145103526600384
0.397 0.8935818855721707 0.33465554937666164
0.398 0.8922706093270849 0.33789414739687146
0.399 0.8909413850670731 0.3411672710668657
0.4 0.8895939223503609 0.3444753683079045
0.401 0.8882279253883975 0.3478188932782423
0.402 0.8868430929460764 0.351198306425478
0.403 0.8854391182387762 0.35461407454022814
0.404 0.8840156888298898 0.35806667080335325
0.405 0.8825724865256487 0.3615565748331147
0.406 0.8811091872688888 0.3650842727289842
0.40700000000000003 0.8796254610320234 0.36865025711089033
0.40800000000000003 0.878120971708118 0.3722550271561222
0.40900000000000003 0.8765953770010934 0.375899088631971
0.41000000000000003 0.8750483283146185 0.37958295392446445
0.41100000000000003 0.8734794706395977 0.383307142062584
0.41200000000000003 0.8718884424413436 0.38707217873690597
0.41300000000000003 0.8702748755442244 0.39087859631540195
0.41400000000000003 0.868638395017577 0.3947269338494719
0.41500000000000004 0.8669786190590116 0.39861773707757925
0.41600000000000004 0.8652951588775619 0.4025515584209685
0.417 0.863587618576155 0.40652895697263636
0.418 0.8618555950336342 0.410550498478388
0.419 0.8600986777863416 0.41461675531006065
0.42 0.8583164489089647 0.4187283064309649
0.421 0.8565084828961552 0.4228857373505621
0.422 0.8546743465435509 0.4270896400705488
0.423 0.8528135988288605 0.4313406130204307
0.424 0.8509257907937968 0.43563926098109756
0.425 0.8490104654264086 0.4399861949971818
0.426 0.8470671575439939 0.44438203227675943
0.427 0.8450953936767792 0.4488273960780722
0.428 0.8430946919539881 0.4533229155803187
0.429 0.841064561990699 0.45786922574005406
0.43 0.8390045047762804 0.46246696713210456
0.431 0.8369140125656834 0.46711678577230625
0.432 0.8347925687728105 0.4718193329225339
0.433 0.8326396478673541 0.4765752648752702
0.434 0.8304547152737476 0.4813852427196861
0.435 0.8282372272743254 0.48624993208541933
0.436 0.8259866309174481 0.4911700028618008
0.437 0.8237023639296723 0.49614612889353027
0.438 0.8213838546321455 0.5011789876523094
0.439 0.8190305218642663 0.5062692598790866
0.44 0.8166417749124925 0.5114176291990611
0.441 0.8142170134466518 0.5166247817054045
0.442 0.8117556274627185 0.5218914055125695
0.443 0.8092569972352089 0.52721819027398
0.444 0.8067204932785002 0.5326058266647121
0.445 0.8041454763170944 0.5380550058282032
0.446 0.8015312972664457 0.5435664187829982
0.447 0.7988772972265863 0.5491407557867117
0.448 0.7961828074873497 0.5547787056581425
0.449 0.793447149547953 0.56048095505217
0.45 0.7906696351496182 0.5662481876893602
0.451 0.7878495663260903 0.5720810835313878
0.452 0.7849862354698157 0.577980317906269
0.453 0.782078925416659 0.583946560577823
0.454 0.779126909551465 0.5899804747546409
0.455 0.7761294519321236 0.5960827160427968
0.456 0.7730858074398015 0.6022539313300206
0.457 0.7699952219496701 0.6084947576083162
0.458 0.7668569325305816 0.6148058207232509
0.459 0.7636701676708469 0.6211877340524762
0.46 0.7604341475331873 0.6276410971100542
0.461 0.7571480842433468 0.6341664940695706
0.462 0.7538111822107028 0.6407644922058512
0.463 0.7504226384852675 0.6474356402533231
0.464 0.7469816431519118 0.6541804666739024
0.465 0.7434873797666752 0.6609994778342929
0.466 0.7399390258344721 0.6678931560879509
0.467 0.7363357533337731 0.6748619577574412
0.468 0.732676729287862 0.6819063110186189
0.46900000000000003 0.7289611163897171 0.6890266136722127
0.47000000000000003 0.725188073678906 0.6962232308142081
0.47100000000000003 0.7213567572766388 0.703496492390874
0.47200000000000003 0.7174663211811498 0.7108466906396606
0.47300000000000003 0.7135159181273212 0.7182740774108635
0.47400000000000003 0.7095047005129289 0.7257788613685292
0.47500000000000003 0.7054318213956333 0.7333612050688624
0.47600000000000003 0.7012964355661064 0.741021221910436
0.47700000000000004 0.6970977006963018 0.7487589729571899
0.47800000000000004 0.6928347785720194 0.7565744636296898
0.47900000000000004 0.6885068364129576 0.7644676402589564
0.48 0.684113048279233 0.7724383865156792
0.481 0.6796525965752224 0.7804865196970402
0.482 0.6751246736516423 0.7886117868789694
0.483 0.6705284835093472 0.7968138609317803
0.484 0.6658632436113401 0.8050923364022197
0.485 0.6611281868068966 0.8134467252571066
0.486 0.6563225633701194 0.8218764524983438
0.487 0.6514456431593263 0.8303808516458164
0.488 0.6464967179027605 0.8389591600931725
0.489 0.6414751036090759 0.8476105143390562
0.49 0.6363801431152187 0.8563339451066593
0.491 0.6312112087696539 0.8651283723434839
0.492 0.6259677052542023 0.8739926001253234
0.493 0.6206490725522535 0.8829253114620054
0.494 0.61525478906396 0.8919250630206399
0.495 0.6097843748723186 0.9009902797727302
0.496 0.604237395162225 0.9101192495835684
0.497 0.5986134637928588 0.9193101177578836
0.498 0.5929122470308993 0.928560881553734
0.499 0.5871334674350223 0.9378693846928711
0.5 0.5812769079055251 0.9472333118735303
0.501 0.5753424158882673 0.9566501833210581
0.502 0.5693299077352422 0.966117349394639
0.503 0.5632393732182543 0.9756319852796124
0.504 0.5570708801981076 0.985191085788254
0.505 0.5508245794309228 0.994791460313991
0.506 0.5445007095258636 1.0044297279522088
0.507 0.5380996020330391 1.0141023128405744
0.508 0.5316216866506561 1.0238054397548317
0.509 0.5250674965551442 1.0335351299893956
0.51 0.5184376738272725 1.0432871975790379
0.511 0.5117329749700757 1.0530572459033627
0.512 0.5049542764995588 1.0628406647151503
0.513 0.4981025805871101 1.072632627650372
0.514 0.4911790207342505 1.082428090271088
0.515 0.484184867461728 1.092221788680103
0.516 0.47712153397193646 1.1020082387923547
0.517 0.46999058177744735 1.1117817362802613
0.518 0.4627937262482776 1.1215363572794312
0.519 0.45553284203939204 1.1312659599107473
0.52 0.448209968375176 1.1409641866566156
0.521 0.4408273141390945 1.1506244676630275
0.522 0.43338726272677147 1.1602400250223184
0.523 0.425892376605989 1.169803878091264
0.524 0.4183454015451604 1.1793088498914
0.525 0.41074927044718984 1.1887475746550331
0.526 0.4031071067198638 1.1981125065481035
0.527 0.3954222271415103 1.2073959296214807
0.528 0.3876981441365443 1.2165899690246795
0.529 0.3799385673999238 1.2256866035152854
0.53 0.3721474047933 1.2346776792971466
0.531 0.3643287624490954 1.2435549251834508
0.532 0.3564869439937563 1.2523099691146338
0.533 0.34862644881188626 1.2609343560255644
0.534 0.3407519692910538 1.269419567048253
0.535 0.3328683869432909 1.2777570400267468
0.536 0.32498076733855097 1.2859381913319303
0.537 0.3170943537666373 1.293954438896241
0.538 0.3092145595732348 1.3017972264470086
0.539 0.3013469590079505 1.309458048870495
0.54 0.29349727657448266 1.3169284786925524
0.541 0.28567137555088334 1.3242001930043663
0.542 0.27787524385194934 1.3312650019012546
0.543 0.27011497891590375 1.3381148772488047
0.544 0.2623967709111738 1.3447419820821398
0.545 0.25472688430098595 1.3511387003343558
0.546 0.24711163786992663 1.35729766692569
0.547 0.23955738319994202 1.3632117977970617
0.548 0.23207048144885156 1.3688743201608773
0.549 0.2246572797067402 1.3742788014506204
0.55 0.21732408482178112 1.3794191791647832
0.551 0.21007713685042823 1.3842897890711465
0.552 0.20292258154813886 1.3888853927010494
0.553 0.19586644212216514 1.3932012036923034
0.554 0.18891459061425048 1.3972329127836598
0.555 0.18207271905996714 1.4009767112490596
0.556 0.17534631085342917 1.4044293124854785
0.557 0.16874061237773647 1.407587971865066
0.558 0.16226060585750712 1.4104505041637092
0.559 0.1559109832352742 1.4130152986589366
0.56 0.14969612117803105 1.4152813320271662
0.561 0.14362005822465518 1.4172481783797517
0.562 0.1376864741158189 1.4189160166468526
0.5630000000000001 0.13189867152807605 1.4202856350450883
0.5640000000000001 0.12625956062995664 1.4213584326504667
0.5650000000000001 0.12077164659764755 1.4221364179893023
0.5660000000000001 0.11543702032716735 1.4226222046669457
0.5670000000000001 0.11025735245603746 1.422819003847759
0.5680000000000001 0.10523389081850737 1.4227306139301144
0.5690000000000001 0.10036746126875329 1.4223614071951625
0.5700000000000001 0.09565847196136512 1.421716313616762
0.5710000000000001 0.09110692081375854 1.4208008018671305
0.5720000000000001 0.08671240602769598 1.4196208578447438
0.5730000000000001 0.08247413983888408 1.418182960450426
0.5740000000000001 0.07839096481449448 1.4164940552483298
0.5750000000000001 0.07446137204691955 1.4145615261436257
0.5760000000000001 0.070683521862902 1.4123931650095574
0.577 0.06705526612436652 1.4099971396512663
0.578 0.06357417181246106 1.407381960243894
0.579 0.06023754564866862 1.4045564446834091
0.58 0.05704245933891311 1.4015296829919375
0.581 0.053985775128809366 1.398311001042562
0.582 0.05106417134605684 1.39490992381571
0.583 0.04827416767666165 1.3913361384322198
0.584 0.04561214989528506 1.3875994573597883
0.585 0.04307439379448674 1.3837097819952906
0.586 0.04065708819746455 1.3796770665182527
0.587 0.03835635682644428 1.3755112827892504
0.588 0.03616827893987129 1.3712223861233108
0.589 0.034088908649270666 1.3668202821700148
0.59 0.03211429280854056 1.3623147952277408
0.591 0.030240487468878086 1.3577156380656157
0.592 0.02846357293013102 1.3530323832520372
0.593 0.026779667285365016 1.3482744363318746
0.594 0.025184938581677696 1.3434510108824622
0.595 0.023675615640322334 1.3385711052674747
0.596 0.022247997459281132 1.3336434817448086
0.597 0.020898461437825977 1.3286766473274263
0.598 0.01962347037400708 1.3236788367254808
0.599 0.018419578311039242 1.3186579974867485
0.6 0.017283435392451585 1.3136217769787115
0.601 0.016211791722618774 1.3085775114700664
0.602 0.015201500329430406 1.3035322172002628
0.603 0.01424951934457408 1.2984925832687446
0.604 0.013352913405809352 1.2934649665034679
0.605 0.012508854410947012 1.2884553880691436
0.606 0.011714621697449468 1.283469531657603
0.607 0.010967601668559757 1.2785127433263759
0.608 0.010265286951122499 1.27359003288986
0.609 0.009605275162867632 1.2687060766163836
0.61 0.008985267307233702 1.2638652212633752
0.611 0.008403065867393422 1.259071489272071
0.612 0.007856572616279922 1.2543285851446402
0.613 0.007343786264052132 1.249639902579597
0.614 0.006862799880774817 1.245008532583168
0.615 0.00641179818745552 1.240437272355017
0.616 0.005989054733921528 1.2359286347873604
0.617 0.005592928991810686 1.2314848585249958
0.618 0.0052218633880785625 1.2271079184841622
0.619 0.0048743803016887965 1.2227995367399869
0.62 0.0045490790433667105 1.218561193702938
0.621 0.00424463283549209 1.21439413946555
0.622 0.003959785802353677 1.21029940535549
0.623 0.0036933500142968256 1.2062778154013993
0.624 0.0034442025398103704 1.2023299979174424
0.625 0.003211282560273032 1.1984563970246287
0.626 0.0029935885552936914 1.1946572839879537
0.627 0.0027901755516028803 1.1909327683543096
0.628 0.0026001524284491317 1.1872828089728298
0.629 0.002422679311295972 1.1837072247274865
0.63 0.0022569650334498537 1.1802057049989811
0.631 0.002102264717992297 1.1767778197947034
0.632 0.0019578773916362757 1.1734230295302388
0.633 0.0018231437232307246 1.1701406944842414
0.634 0.0016974438343524967 1.1669300839062149
0.635 0.0015801952022066468 1.1637903846551523
0.636 0.0014708506367727137 1.1607207095778138
0.637 0.0013688963529399634 1.1577201054179758
0.638 0.0012738501305489813 1.1547875602957576
0.639 0.001185259543446504 1.1519220108088402
0.64 0.0011027002941355057 1.1491223488037234
0.641 0.0010257745987902744 1.1463874276163248
0.642 0.0009541096656379144 1.1437160681255718
0.643 0.0008873562434290605 1.1411070641985284
0.644 0.0008251872480901645 1.1385591879574228
0.645 0.0007672964423099393 1.1360711945920499
0.646 0.0007133972137569611 1.1336418268020172
0.647 0.000663221391757729 1.131269818941106
0.648 0.0006165181266849507 1.1289539008717038
0.649 0.0005730528485493047 1.1266928014404676
0.65 0.0005326062548064447 1.1244852516398829
0.651 0.0004949733923539923 1.122329987548075
0.652 0.0004599627730663691 1.1202257529855697
0.653 0.00042739552095061306 1.1181713024147713
0.654 0.00039710456329861143 1.1161654022711098
0.655 0.0003689339173222894 1.1142068331204724
0.656 0.00034273798091494223 1.1122943914156609
0.657 0.00031838086203167526 1.110426891074987
0.658 0.00029573576770347554 1.1086031647977375
0.659 0.0002746844179805641 1.1068220652279277
0.66 0.0002551164979046616 1.1050824658563994
0.661 0.0002369291403185314 1.103383261898849
0.662 0.00022002644274177197 1.1017233709330385
0.663 0.00020431900906153766 1.1001017334741159
0.664 0.00018972353197477254 1.0985173133590533
0.665 0.00017616238013268282 1.0969690981181222
0.666 0.00016356323021299302 1.0954560991760003
0.667 0.00015185871675732487 1.0939773519767195
0.668 0.0001409860970003063 1.0925319160106242
0.669 0.0001308869489550224 1.0911188748091698
0.67 0.00012150687946932415 1.089737335826005
0.671 0.00011279525676000102 1.0883864302346002
0.672 0.00010470495289160997 1.087065312945708
0.673 9.719209965147746e-5 1.0857731621680653
0.674 9.021588241175937e-5 1.0845091789759127
0.675 8.373832526570313e-5 1.0832725871114515
0.676 7.77241019981334e-5 1.0820626325923561
0.677 7.214035078828562e-5 1.0808785833277827
0.678 6.695650976551448e-5 1.0797197286841953
0.679 6.214415833422082e-5 1.078585379043444
0.68 5.7676867520728425e-5 1.0774748653514805
0.681 5.3530065619644684e-5 1.0763875386395962
0.682 4.968090989265761e-5 1.075322769544555
0.683 4.610816613415114e-5 1.0742799478041556
0.684 4.279209834978648e-5 1.0732584817863973
0.685 3.97143630536112e-5 1.0722577979964305
0.686 3.685791337998401e-5 1.071277340574258
0.687 3.420691049393909e-5 1.070316570790282
0.6880000000000001 3.174663637278696e-5 1.0693749665477847
0.6890000000000001 2.9463417495045885e-5 1.0684520219142717
0.6900000000000001 2.7344551697394692e-5 1.0675472466020655
0.6910000000000001 2.5378243229623454e-5 1.06666016547599
0.6920000000000001 2.355353185279352e-5 1.0657903182792303
0.6930000000000001 2.1860232038095617e-5 1.0649372591028439
0.6940000000000001 2.0288888158748186e-5 1.06410055568049
0.6950000000000001 1.883071904740241e-5 1.063279789126434
0.6960000000000001 1.7477569886792388e-5 1.0624745534958315
0.6970000000000001 1.6221868633259362e-5 1.0616844553655076
0.6980000000000001 1.5056585283002022e-5 1.0609091134213753
0.6990000000000001 1.397519200324604e-5 1.0601481580565622
0.7000000000000001 1.2971629537006368e-5 1.0594012309825158
0.7010000000000001 1.2040274339153445e-5 1.0586679848485587
0.7020000000000001 1.1175905681226617e-5 1.057948082872863
0.7030000000000001 1.0373679249386925e-5 1.0572411984859997
0.704 9.629100558794512e-6 1.0565470149845713
0.705 8.938000956026926e-6 1.0558652251941294
0.706 8.29651374179008e-6 1.0551955311470032
0.707 7.701054066722168e-6 1.0545376437660647
0.708 7.148299991655005e-6 1.053891282560746
0.709 6.635175300750973e-6 1.0532561753350282
0.71 6.158831571012602e-6 1.0526320579013446
0.711 5.716634247365793e-6 1.0520186738095065
0.712 5.306148984196568e-6 1.0514157740811536
0.713 4.925129740429579e-6 1.050823116956051
0.714 4.571506723172192e-6 1.0502404676457304
0.715 4.243376338308735e-6 1.0496675980963033
0.716 3.938992558072396e-6 1.0491042867604747
0.717 3.656759184123004e-6 1.0485503183770106
0.718 3.3952223016386895e-6 1.048005483757574
0.719 3.1530637993881783e-6 1.0474695795867293
0.72 2.9290969116302357e-6 1.0469424082220042
0.721 2.7222618894651163e-6 1.0464237775050937
0.722 2.531620741985652e-6 1.0459135005802764
0.723 2.3563541428073265e-6 1.0454113957183395
0.724 2.1957572626796207e-6 1.0449172861486846
0.725 2.0492340376265794e-6 1.0444309998950745
0.726 1.9162911111259007e-6 1.043952369620564
0.727 1.7965272646192076e-6 1.0434812324746965
0.728 1.6896202009175632e-6 1.0430174299500032
0.729 1.5953082249109407e-6 1.0425608077415323
0.73 1.5133651876109155e-6 1.0421112156126486
0.731 1.443571180814729e-6 1.0416685072663774
0.732 1.385677716181366e-6 1.0412325402192937
0.733 1.3393745419421066e-6 1.0408031756818685
0.734 1.3042607331925637e-6 1.040380278442703
0.735 1.2798252707613145e-6 1.0399637167567495
0.736 1.2654434150549676e-6 1.0395533622385988
0.737 1.2603874616767818e-6 1.0391490897577165
0.738 1.2638525215269425e-6 1.038750777340868
0.739 1.2749893926744527e-6 1.0383583060746973
0.74 1.2929405746042733e-6 1.037971560013092
0.741 1.3168732553303641e-6 1.0375904260868114
0.742 1.346003535573903e-6 1.0372147940194323
0.743 1.379614784580152e-6 1.0368445562440736
0.744 1.4170654277778638e-6 1.0364796078212553
0.745 1.4577910181223785e-6 1.0361198463635923
0.746 1.5013036515076905e-6 1.0357651719589724
0.747 1.5471852713444534e-6 1.03541548710107
0.748 1.5950790673846527e-6 1.0350706966185648
0.749 1.644684582857714e-6 1.0347307076076366
0.75 1.6957486453361703e-6 1.0343954293682123
0.751 1.7480585275397864e-6 1.0340647733394792
0.752 1.801436631532205e-6 1.0337386530413801
0.753 1.855733331668219e-6 1.0334169840148764
0.754 1.9108230288611416e-6 1.0330996837653517
0.755 1.966600951364139e-6 1.032786671709279
0.756 2.0229792893067255e-6 1.0324778691195777
0.757 2.079883579919617e-6 1.0321731990756302
0.758 2.137250627642917e-6 1.0318725864133018
0.759 2.195026947648948e-6 1.0315759576774306
0.76 2.2531661428293326e-6 1.0312832410748067
0.761 2.3116298075720465e-6 1.030994366430487
0.762 2.3703845082323483e-6 1.0307092651433756
0.763 2.429401245618301e-6 1.030427870144459
0.764 2.4886547602132048e-6 1.0301501158563213
0.765 2.5481227290402586e-6 1.0298759381532856
0.766 2.6077853642059168e-6 1.0296052743237054
0.767 2.667625119634476e-6 1.029338063032862
0.768 2.727626534471117e-6 1.0290742442864373
0.769 2.7877758355110416e-6 1.02881375939626
0.77 2.8480603044833686e-6 1.0285565509466152
0.771 2.9084682128810435e-6 1.028302562761499
0.772 2.968988816631768e-6 1.0280517398724305
0.773 3.029612056504316e-6 1.0278040284882852
0.774 3.0903286764583093e-6 1.027559375964963
0.775 3.1511299601882925e-6 1.027317730776603
0.776 3.212007765374114e-6 1.027079042486803
0.777 3.272954056166011e-6 1.0268432617228092
0.778 3.333961506812866e-6 1.0266103401480762
0.779 3.395023107810591e-6 1.02638023043632
0.78 3.4561317663328595e-6 1.0261528862465426
0.781 3.517280647014065e-6 1.025928262199216
0.782 3.5784633347080153e-6 1.0257063138522264
0.783 3.6396734547361476e-6 1.0254869976779433
0.784 3.70090498880149e-6 1.025270271041524
0.785 3.7621516503216768e-6 1.0250560921787533
0.786 3.823407973113646e-6 1.0248444201747822
0.787 3.884668275833114e-6 1.0246352149440998
0.788 3.945926905557506e-6 1.0244284372110484
0.789 4.0071783566353325e-6 1.0242240484899825
0.79 4.0684174280603e-6 1.0240220110660698
0.791 4.129638711214412e-6 1.0238222879775396
0.792 4.190837299133943e-6 1.0236248429977772
0.793 4.25200771786427e-6 1.023429640618244
0.794 4.31314514193204e-6 1.02323664603114
0.795 4.374244728100329e-6 1.0230458251131886
0.796 4.435301713623385e-6 1.0228571444095649
0.797 4.496311220847371e-6 1.022670571118891
0.798 4.557268482474619e-6 1.0224860730776768
0.799 4.618169066161748e-6 1.0223036187457637
0.8 4.67900833528434e-6 1.0221231771918275
0.801 4.739781800655596e-6 1.021944718079968
0.802 4.800485218225958e-6 1.0217682116554145
0.803 4.8611142444698885e-6 1.0215936287318135
0.804 4.921664577994811e-6 1.0214209406785753
0.805 4.982132119801808e-6 1.0212501194079266
0.806 5.042512753739015e-6 1.0210811373623678
0.807 5.102802566658848e-6 1.020913967503213
0.808 5.162997584517992e-6 1.0207485832994074
0.809 5.223093876904894e-6 1.0205849587148188
0.81 5.283087679441856e-6 1.020423068198335
0.811 5.342975227917712e-6 1.0202628866730117
0.812 5.402752627170493e-6 1.0201043895259778
0.8130000000000001 5.462416165058492e-6 1.0199475525974468
0.8140000000000001 5.521962523014068e-6 1.019792352171348
0.8150000000000001 5.581388081821181e-6 1.019638764965547
0.8160000000000001 5.640689401009702e-6 1.0194867681218183
0.8170000000000001 5.6998630195703726e-6 1.0193363391968868
0.8180000000000001 5.758905618769017e-6 1.0191874561536771
0.8190000000000001 5.817814230257845e-6 1.0190400973524871
0.8200000000000001 5.876585485453667e-6 1.0188942415426665
0.8210000000000001 5.9352162503079064e-6 1.018749867854587
0.8220000000000001 5.993703731221878e-6 1.0186069557902797
0.8230000000000001 6.052044704496495e-6 1.018465485216075
0.8240000000000001 6.110236178247241e-6 1.0183254363551253
0.8250000000000001 6.168275375029175e-6 1.0181867897794656
0.8260000000000001 6.226159464273184e-6 1.0180495264032112
0.8270000000000001 6.283885619573493e-6 1.0179136274752205
0.8280000000000001 6.341451104785456e-6 1.017779074571737
0.8290000000000001 6.398853345468414e-6 1.0176458495892746
0.8300000000000001 6.456089714945712e-6 1.017513934738577
0.8310000000000001 6.513158008814024e-6 1.017383312537287
0.8320000000000001 6.570055722299184e-6 1.0172539658061022
0.833 6.626780532259513e-6 1.017125877659678
0.834 6.683329605405852e-6 1.0169990315004522
0.835 6.739700420532735e-6 1.016873411014368
0.836 6.7958910324184e-6 1.0167490001645791
0.837 6.851899172766185e-6 1.0166257831855905
0.838 6.907722825966189e-6 1.0165037445775265
0.839 6.963360049738743e-6 1.016382869101107
0.84 7.0188086368494496e-6 1.0162631417725074
0.841 7.0740666826552e-6 1.0161445478582043
0.842 7.1291323247568705e-6 1.0160270728691134
0.843 7.184003415039442e-6 1.01591070255629
0.844 7.238678378540531e-6 1.0157954229065982
0.845 7.293155431076226e-6 1.0156812201373007
0.846 7.347432918303198e-6 1.0155680806919092
0.847 7.40150918931981e-6 1.0154559912354586
0.848 7.455382522669751e-6 1.0153449386501512
0.849 7.5090513215192445e-6 1.01523491003088
0.85 7.56251422801002e-6 1.0151258926815097
0.851 7.6157697158629745e-6 1.0150178741104876
0.852 7.668816379202692e-6 1.0149108420269848
0.853 7.721652737324725e-6 1.014804784336913
0.854 7.774277567096366e-6 1.014699689138867
0.855 7.826689489509597e-6 1.0145955447210933
0.856 7.878887462564599e-6 1.0144923395570673
0.857 7.930870157601966e-6 1.0143900623024138
0.858 7.982636380410302e-6 1.0142887017914375
0.859 8.034184924066157e-6 1.014188247033086
0.86 8.085514952738126e-6 1.0140886872084138
0.861 8.136625459509439e-6 1.0139900116671
0.862 8.18751555836661e-6 1.0138922099236725
0.863 8.238184269371285e-6 1.0137952716548675
0.864 8.288630625574722e-6 1.0136991866966294
0.865 8.338853636880028e-6 1.0136039450406142
0.866 8.38885260351363e-6 1.013509536832159
0.867 8.438626852680375e-6 1.0134159523668673
0.868 8.488175572085588e-6 1.0133231820879165
0.869 8.537497904692604e-6 1.0132312165831938
0.87 8.586593245318852e-6 1.0131400465831206
0.871 8.635461081096807e-6 1.0130496629570076
0.872 8.684100748557189e-6 1.012960056711306
0.873 8.732511733611226e-6 1.0128712189866733
0.874 8.780693656174066e-6 1.0127831410556596
0.875 8.828646031133758e-6 1.0126958143209734
0.876 8.876368194354889e-6 1.0126092303124214
0.877 8.923859756593266e-6 1.0125233806846277
0.878 8.971120458833859e-6 1.012438257214402
0.879 9.018149664974384e-6 1.0123538517993178
0.88 9.064947108894383e-6 1.0122701564551533
0.881 9.11151257909637e-6 1.0121871633138932
0.882 9.157845867913128e-6 1.0121048646216624
0.883 9.203946510383254e-6 1.0120232527362891
0.884 9.249814495626563e-6 1.0119423201259794
0.885 9.295449563906377e-6 1.0118620593667491
0.886 9.340851647388071e-6 1.0117824631408712
0.887 9.386020562274222e-6 1.0117035242348256
0.888 9.430956378120303e-6 1.01162523553775
0.889 9.475658952595722e-6 1.011547590039287
0.89 9.520128301576669e-6 1.0114705808280158
0.891 9.56436434484953e-6 1.0113942010895298
0.892 9.608367080193858e-6 1.0113184441050616
0.893 9.652136552351642e-6 1.0112433032499222
0.894 9.695672852472192e-6 1.0111687719915057
0.895 9.738976136763888e-6 1.0110948438878755
0.896 9.78204646018277e-6 1.011021512586075
0.897 9.824883986042643e-6 1.0109487718205978
0.898 9.867488788395384e-6 1.0108766154119535
0.899 9.909861184265178e-6 1.0108050372659123
0.9 9.952001265356447e-6 1.0107340313709268
0.901 9.993909432515213e-6 1.0106635917973192
0.902 1.0035585849166306e-5 1.0105937126957996
0.903 1.0077030826838307e-5 1.0105243882960175
0.904 1.0118244640255902e-5 1.010455612905356
0.905 1.0159227568196094e-5 1.0103873809075468
0.906 1.0199980056968538e-5 1.0103196867615225
0.907 1.0240502305136623e-5 1.0102525250000736
0.908 1.028079481718569e-5 1.0101858902287313
0.909 1.0320857992074384e-5 1.0101197771243615
0.91 1.0360692132338478e-5 1.0100541804341867
0.911 1.0400297795476465e-5 1.0099890949745434
0.912 1.0439675422024841e-5 1.0099245156297263
0.913 1.0478825374693468e-5 1.0098604373509539
0.914 1.0517748076810385e-5 1.0097968551551944
0.915 1.0556444052289837e-5 1.00973376412419
0.916 1.0594913884554025e-5 1.0096711594033092
0.917 1.0633158121775566e-5 1.0096090362005394
0.918 1.0671177454402159e-5 1.0095473897855636
0.919 1.0708972248474335e-5 1.0094862154886621
0.92 1.0746543165018885e-5 1.0094255086999289
0.921 1.0783890762700032e-5 1.0093652648680926
0.922 1.082101562838167e-5 1.0093054794996248
0.923 1.0857918342599415e-5 1.0092461481578983
0.924 1.0894599757782508e-5 1.009187266462198
0.925 1.0931060381580426e-5 1.0091288300868473
0.926 1.096730092087217e-5 1.009070834760309
0.927 1.1003322156755146e-5 1.009013276264323
0.928 1.1039124755085616e-5 1.0089561504341857
0.929 1.1074709400982208e-5 1.0088994531561442
0.93 1.1110076905573862e-5 1.0088431803668674
0.931 1.114522779011029e-5 1.0087873280543036
0.932 1.1180162468316102e-5 1.008731892255396
0.933 1.1214881899201945e-5 1.0086768690548642
0.934 1.12493868696939e-5 1.0086222545856673
0.935 1.1283678065965308e-5 1.0085680450280126
0.936 1.1317756549000801e-5 1.0085142366086195
0.937 1.1351622842381559e-5 1.0084608255996597
0.9380000000000001 1.1385277865483268e-5 1.0084078083182149
0.9390000000000001 1.1418722286105076e-5 1.0083551811257765
0.9400000000000001 1.1451956960895071e-5 1.0083029404275112
0.9410000000000001 1.1484982722576031e-5 1.008251082671394
0.9420000000000001 1.151780029456928e-5 1.0081996043478683
0.9430000000000001 1.1550410439764569e-5 1.0081485019891523
0.9440000000000001 1.1582814206156922e-5 1.0080977721683417
0.9450000000000001 1.1615012334320607e-5 1.0080474114988853
0.9460000000000001 1.1647005677795086e-5 1.0079974166346424
0.9470000000000001 1.1678795078018389e-5 1.0079477842683526
0.9480000000000001 1.1710381350338306e-5 1.0078985111313155
0.9490000000000001 1.1741765340300692e-5 1.0078495939931398
0.9500000000000001 1.1772947979271642e-5 1.0078010296609032
0.9510000000000001 1.1803930133336138e-5 1.0077528149787254
0.9520000000000001 1.1834712891678478e-5 1.007704946827254
0.9530000000000001 1.1865297072644054e-5 1.0076574221229153
0.9540000000000001 1.1895683477480823e-5 1.007610237817428
0.9550000000000001 1.1925873009022148e-5 1.0075633908977037
0.9560000000000001 1.1955866603852172e-5 1.007516878384953
0.9570000000000001 1.1985665079261576e-5 1.0074706973343117
0.9580000000000001 1.201526912630868e-5 1.007424844834283
0.9590000000000001 1.2044679870870656e-5 1.0073793180064388
0.96 1.2073898183861953e-5 1.00733411400475
0.961 1.2102925011137078e-5 1.0072892300148388
0.962 1.2131761350009374e-5 1.0072446632540506
0.963 1.2160408105810205e-5 1.007200410971038
0.964 1.218886629433813e-5 1.0071564704448945
0.965 1.221713682325598e-5 1.0071128389852266
0.966 1.2245220574913507e-5 1.0070695139311696
0.967 1.2273118654038129e-5 1.0070264926512766
0.968 1.2300831813583102e-5 1.0069837725430795
0.969 1.2328361068680849e-5 1.0069413510328562
0.97 1.2355707344091638e-5 1.0068992255747051
0.971 1.2382871590888023e-5 1.0068573936507346
0.972 1.2409854715789148e-5 1.0068158527704423
0.973 1.2436657647107996e-5 1.0067746004703484
0.974 1.246328142218145e-5 1.0067336343136284
0.975 1.2489726985809302e-5 1.0066929518897747
0.976 1.251599522117397e-5 1.0066525508141273
0.977 1.254208714457361e-5 1.0066124287276614
0.978 1.2568003745883072e-5 1.0065725832965162
0.979 1.259374590878437e-5 1.0065330122118328
0.98 1.2619314702311257e-5 1.0064937131892033
0.981 1.264471106471321e-5 1.0064546839684725
0.982 1.266993588761034e-5 1.0064159223133038
0.983 1.2694990162764874e-5 1.0063774260110647
0.984 1.2719874896593986e-5 1.0063391928723873
0.985 1.2744591002866734e-5 1.006301220730746
0.986 1.2769139452917244e-5 1.0062635074423267
0.987 1.279352119931687e-5 1.0062260508856529
0.988 1.2817737195747192e-5 1.0061888489612403
0.989 1.2841788432582657e-5 1.0061518995915493
0.99 1.2865675835138646e-5 1.0061152007203524
0.991 1.288940044114062e-5 1.0060787503126831
0.992 1.2912963140598865e-5 1.0060425463544418
0.993 1.2936364893134655e-5 1.0060065868522023
0.994 1.2959606665696732e-5 1.0059708698329521
0.995 1.2982689431173533e-5 1.0059353933437076
0.996 1.3005614176830882e-5 1.005900155451423
0.997 1.3028381780910703e-5 1.005865154242644
0.998 1.3050993243945985e-5 1.0058303878231967
0.999 1.3073449442513319e-5 1.0057958543180046
1.0 1.3095751402847355e-5 1.005761551870885
